264 266
375 379
1245 1248
2043 2048
2519 2527
3584 3588
3914 3924
4474 4478
4922 4924
5232 5235
5880 5889
6832 6838
7439 7445
7480 7487
7795 7803
8046 8046
8678 8684
8997 9002
9116 9125
10306 10312
10827 10832
12261 12266
12318 12325
12607 12612
12735 12742
12951 12958
13162 13167
13553 13559
13749 13751
14204 14210
14485 14488
15309 15312
15561 15564
15810 15818
15951 15957
16343 16348
18023 18034
18174 18176
18883 18888
19410 19412
19599 19604
20171 20180
21740 21747
22374 22382
22535 22540
22578 22585
22693 22699
22883 22889
23191 23198
23548 23553
23900 23905
23934 23942
24206 24212
24718 24724
26015 26021
26202 26213
26740 26749
26902 26909
27224 27231
27564 27569
28358 28365
28596 28601
28667 28672
28813 28816
29460 29466
29811 29817
30236 30245
30352 30361
30627 30632
30784 30792
31063 31068
32209 32215
32891 32898
34005 34010
35370 35376
36150 36153
36539 36546
37167 37172
37436 37439
37445 37448
38723 38732
38785 38791
39266 39271
39600 39603
39638 39643
39737 39739
40337 40340
40473 40482
40591 40600
40764 40768
40939 40942
41224 41232
41258 41262
41959 41968
42182 42189
42404 42408
42845 42852
43041 43045
43067 43074
43390 43396
43452 43455
43552 43558
44772 44778
45227 45236
45351 45358
45740 45743
47008 47011
48006 48011
48801 48808
49172 49177
49748 49757
50385 50388
50842 50847
51040 51050
51452 51455
51694 51697
51814 51816
51995 51999
52065 52076
52486 52491
53793 53801
53901 53904
53995 54001
54386 54393
54908 54910
55047 55052
55216 55222
56348 56358
56711 56722
56863 56868
57291 57295
57891 57897
58280 58285
59442 59444
59651 59656
59802 59810
59864 59867
60090 60096
60287 60294
60481 60488
60749 60753
62172 62176
62398 62403
62968 62978
63740 63747
63979 63985
64715 64720
65395 65402
