375 379
443 452
733 737
1569 1574
1785 1791
2043 2048
3584 3588
3678 3683
3914 3924
4085 4091
4670 4675
4922 4924
5232 5235
6355 6361
7480 7487
7795 7803
8254 8259
8997 9002
9203 9210
10176 10185
10306 10312
11524 11532
11970 11972
12075 12082
12607 12612
12798 12804
12825 12831
12951 12958
13162 13167
13333 13342
13553 13559
15002 15007
15179 15184
15690 15694
15810 15818
16343 16348
18703 18710
19410 19412
19418 19427
20171 20180
21003 21008
21740 21747
22374 22382
22535 22540
22578 22585
23191 23198
23454 23463
23548 23553
23934 23942
24262 24264
24718 24724
25334 25340
26202 26213
26902 26909
27589 27596
27665 27673
28596 28601
29244 29250
29460 29466
30236 30245
30627 30632
31829 31835
31946 31950
32209 32215
32563 32569
32891 32898
33447 33455
33646 33652
34005 34010
35370 35376
37167 37172
37436 37439
37445 37448
38573 38582
38723 38732
39013 39015
39638 39643
40337 40340
40591 40600
40939 40942
41224 41232
42536 42541
43041 43045
43390 43396
43452 43455
44772 44778
45227 45236
45963 45972
47008 47011
49172 49177
50385 50388
50520 50523
50842 50847
50977 50983
51627 51632
51798 51805
51814 51816
52065 52076
52486 52491
52855 52861
53146 53149
54386 54393
54705 54712
55216 55222
56666 56670
56843 56852
57066 57072
57891 57897
58752 58759
58872 58876
59391 59396
59442 59444
59582 59587
59651 59656
60481 60488
60749 60753
61222 61227
62120 62125
62172 62176
62398 62403
63361 63369
63979 63985
65145 65150
65395 65402
