3 12
33 39
65 67
95 98
131 135
152 154
188 192
218 223
262 265
284 295
304 308
351 354
372 378
405 407
432 438
464 469
491 500
524 532
543 548
576 580
603 611
632 640
662 665
705 708
737 748
760 766
800 807
813 816
853 857
888 891
912 917
939 945
982 988
1007 1010
1046 1049
1069 1072
1097 1104
1126 1132
1147 1152
1178 1184
1209 1216
1247 1250
1266 1273
1296 1304
1324 1332
1365 1366
1384 1387
1426 1431
1456 1459
1478 1480
1516 1519
1541 1547
1573 1576
1614 1619
1626 1630
1657 1661
1696 1698
1729 1732
1755 1759
1777 1779
1818 1828
1846 1852
1884 1887
1909 1912
1933 1941
1967 1974
1997 1999
2029 2037
2059 2068
2088 2090
2113 2118
2139 2142
2179 2187
2207 2210
2244 2248
2275 2278
2303 2308
2332 2339
2344 2348
2390 2398
2425 2429
2434 2437
2465 2471
2499 2501
2535 2542
2554 2558
2582 2587
2626 2632
2655 2662
2692 2695
2707 2714
2732 2736
2771 2776
2803 2810
2828 2834
2853 2857
2882 2889
2913 2918
2945 2952
2973 2975
3010 3016
3056 3059
3081 3086
3106 3114
3127 3132
3152 3157
3204 3208
3219 3222
3256 3266
3283 3287
3310 3313
3335 3338
3377 3383
3408 3414
3430 3439
3465 3473
3483 3486
3519 3521
3551 3555
3587 3591
3621 3624
3649 3655
3670 3673
3701 3706
3741 3747
3772 3779
3782 3783
3815 3820
3863 3866
3873 3880
3926 3928
3939 3945
3976 3984
3997 4002
4042 4047
4065 4070
4095 4102
4120 4124
4165 4169
4174 4180
4216 4219
4247 4249
4280 4283
4308 4314
4322 4326
4368 4372
4396 4400
4429 4434
4457 4460
4479 4482
4525 4528
4538 4545
4577 4580
4602 4608
4625 4627
4670 4677
4693 4698
4729 4735
4757 4762
4792 4795
4813 4819
4835 4840
4863 4867
4912 4919
4940 4945
4972 4979
5003 5006
5018 5021
5052 5057
5082 5085
5112 5122
5154 5158
5174 5181
5202 5207
5240 5246
5268 5271
5286 5295
5327 5330
5349 5354
5390 5399
5416 5421
5444 5453
5480 5488
5502 5508
5527 5538
5569 5572
5582 5587
5621 5629
5648 5655
5675 5678
5725 5729
5756 5758
5777 5784
5802 5808
5824 5829
5859 5862
5882 5887
5928 5935
5956 5958
5988 5991
6002 6007
6042 6048
6085 6087
6096 6104
6135 6141
6153 6156
6186 6189
6223 6231
6249 6256
6282 6292
6313 6320
6355 6358
6369 6375
6398 6404
6439 6444
6454 6456
6483 6486
6528 6536
6564 6568
6582 6587
6616 6623
6650 6657
6678 6686
6711 6716
6733 6742
6767 6775
6790 6793
6829 6837
6847 6850
6889 6897
6908 6917
6942 6945
6964 6967
6996 7002
7027 7034
7066 7072
7098 7104
7117 7122
7151 7155
7176 7180
7217 7227
7237 7243
7265 7271
7303 7308
7330 7333
7352 7357
7396 7406
7415 7420
7451 7454
7474 7479
7519 7522
7547 7551
7569 7575
7594 7597
7631 7634
7660 7666
7704 7708
7722 7725
7751 7755
7788 7793
7814 7820
7841 7849
7862 7866
7898 7906
7936 7946
7956 7960
8003 8009
8025 8029
8044 8047
8073 8076
8126 8129
8144 8147
8166 8169
8197 8203
8232 8240
8265 8268
8306 8309
8327 8334
8342 8349
8396 8399
8422 8427
8439 8444
8478 8481
8503 8508
8537 8541
8569 8576
8598 8605
8614 8619
8654 8663
8689 8698
8719 8726
8745 8749
8783 8786
8809 8812
8826 8829
8861 8864
8886 8894
8912 8914
8959 8963
8989 8992
9004 9006
9040 9043
9083 9086
9115 9116
9127 9132
9168 9173
9196 9203
9229 9233
9249 9257
9284 9288
9323 9327
9348 9351
9368 9376
9405 9410
9428 9433
9470 9472
9497 9501
9527 9531
9559 9561
9575 9580
9610 9616
9632 9635
9668 9675
9701 9707
9723 9727
9756 9764
9792 9797
9827 9831
9854 9862
9882 9890
9908 9914
9953 9956
9966 9972
10009 10015
10033 10037
10072 10075
10102 10105
10118 10122
10163 10167
10191 10197
10220 10229
10233 10241
10276 10282
10293 10301
10339 10343
10366 10372
10392 10395
10423 10432
10460 10469
10481 10487
10510 10517
10534 10536
10576 10583
10592 10595
10643 10647
10652 10656
10700 10705
10714 10717
10745 10749
10790 10794
10809 10819
10842 10845
10866 10874
10901 10908
10940 10943
10970 10976
10994 10998
11030 11037
11057 11066
11075 11079
11105 11108
11135 11140
11179 11183
11210 11216
11226 11235
11270 11273
11283 11287
11332 11338
11348 11352
11388 11394
11421 11425
11433 11437
11468 11474
11495 11501
11530 11534
11572 11575
11603 11609
11622 11626
11643 11645
11686 11695
11706 11710
11733 11739
11784 11788
11793 11797
11825 11827
11865 11868
11892 11895
11925 11932
11952 11958
11992 11997
12008 12011
12035 12042
12069 12073
12109 12115
12129 12135
12169 12175
12191 12198
12232 12239
12256 12261
12273 12276
12316 12319
12346 12351
12374 12376
12405 12413
12427 12430
12475 12478
12497 12500
12523 12526
12543 12550
12579 12588
12609 12612
12648 12657
12663 12669
12692 12700
12731 12740
12776 12779
12786 12789
12815 12824
12850 12855
12880 12886
12916 12922
12940 12946
12976 12984
13010 13012
13040 13047
13070 13074
13083 13086
13117 13123
13159 13165
13189 13190
13211 13216
13256 13258
13273 13281
13295 13303
13330 13337
13358 13370
13386 13388
13427 13432
13443 13450
13491 13496
13508 13512
13536 13540
13574 13583
13606 13614
13634 13642
13657 13665
13698 13702
13731 13735
13752 13758
13786 13795
13803 13815
13853 13859
13876 13877
13913 13918
13941 13946
13956 13961
14001 14006
14016 14027
14043 14051
14083 14092
14115 14119
14154 14158
14177 14183
14203 14211
14222 14225
14267 14276
14294 14301
14334 14336
14347 14355
14389 14396
14413 14422
14454 14457
14481 14484
14499 14504
14531 14538
14569 14576
14605 14609
14637 14639
14659 14664
14690 14697
14707 14712
14735 14738
14762 14766
14800 14807
14824 14829
14852 14860
14895 14904
14935 14937
14954 14959
14994 14997
15017 15018
15045 15050
15070 15078
15101 15111
15132 15138
15168 15174
15182 15188
15234 15237
15246 15248
15289 15293
15309 15316
15334 15337
15380 15385
15410 15417
15434 15439
15459 15468
15487 15492
15521 15531
15548 15554
15578 15582
15602 15605
15652 15659
15665 15673
15703 15705
15722 15731
15773 15778
15796 15801
15837 15839
15846 15855
15888 15894
15911 15917
15932 15941
15966 15974
15994 16001
16032 16041
16053 16061
16094 16096
16113 16118
16164 16169
16190 16195
16216 16218
16236 16241
16279 16282
16296 16299
16346 16348
16375 16378
16405 16409
16419 16421
16446 16451
16479 16484
16515 16519
16541 16545
16575 16579
16609 16613
16634 16643
16662 16667
16687 16692
16723 16724
16748 16753
16774 16776
16826 16828
16833 16839
16869 16872
16911 16917
16935 16940
16963 16967
16983 16991
17018 17024
17045 17048
17080 17087
17119 17124
17132 17141
17176 17180
17202 17213
17242 17245
17255 17261
17291 17294
17322 17325
17345 17349
17382 17385
17416 17420
17447 17453
17467 17472
17505 17508
17538 17540
17553 17556
17594 17599
17621 17624
17665 17667
17682 17690
17714 17717
17746 17748
17780 17788
17798 17802
17826 17832
17874 17878
17903 17907
17925 17930
17949 17956
17978 17984
18022 18029
18051 18054
18062 18068
18111 18115
18143 18147
18156 18162
18189 18194
18232 18237
18257 18266
18294 18298
18304 18313
18344 18354
18377 18383
18406 18412
18428 18436
18472 18475
18497 18500
18512 18515
18558 18561
18573 18576
18620 18627
18649 18655
18680 18683
18693 18699
18734 18743
18754 18758
18787 18790
18830 18837
18850 18855
18876 18881
18903 18907
18947 18955
18964 18966
19015 19019
19032 19035
19059 19064
19085 19088
19117 19122
19146 19150
19193 19198
19219 19223
19233 19235
19264 19267
19301 19305
19335 19340
19373 19376
19397 19403
19414 19419
19445 19450
19475 19481
19502 19511
19538 19548
19572 19575
19595 19602
19639 19648
19673 19676
19705 19708
19721 19724
19753 19756
19772 19781
19816 19828
19834 19836
19864 19867
19899 19902
19926 19935
19973 19976
19990 19994
20034 20037
20053 20057
20096 20099
20126 20129
20137 20145
20171 20176
20199 20205
20228 20235
20254 20264
20288 20291
20323 20329
20346 20353
20372 20377
20415 20424
20446 20447
20470 20475
20504 20513
20532 20535
20564 20567
20585 20590
20621 20623
20661 20662
20689 20694
20717 20721
20746 20750
20771 20773
20808 20809
20835 20839
20854 20859
20887 20889
20930 20933
20966 20967
20975 20978
21025 21028
21033 21037
21068 21071
21096 21101
21129 21140
21160 21166
21192 21197
21235 21238
21254 21261
21278 21281
21302 21307
21342 21347
21372 21378
21413 21415
21437 21444
21471 21475
21504 21505
21521 21526
21542 21550
21575 21584
21604 21605
21652 21659
21671 21682
21700 21703
21729 21733
21765 21772
21797 21804
21832 21838
21855 21857
21892 21894
21908 21910
21954 21958
21967 21976
22012 22014
22042 22045
22064 22067
22084 22086
22123 22126
22142 22148
22188 22191
22202 22206
22253 22257
22279 22288
22292 22299
22341 22346
22361 22370
22402 22409
22422 22426
22449 22452
22493 22498
22517 22519
22546 22551
22569 22573
22613 22619
22628 22632
22672 22679
22696 22703
22723 22727
22760 22768
22788 22789
22803 22810
22839 22844
22875 22878
22907 22914
22940 22942
22970 22976
22996 23000
23033 23038
23052 23055
23075 23077
23125 23128
23147 23155
23165 23168
23196 23202
23227 23231
23272 23276
23286 23292
23322 23331
23351 23353
23389 23393
23417 23421
23434 23438
23467 23470
23508 23516
23544 23548
23566 23571
23595 23601
23631 23639
23653 23654
23675 23679
23711 23715
23747 23758
23767 23773
23793 23803
23827 23833
23862 23865
23886 23893
23922 23930
23958 23961
23986 23989
24025 24027
24052 24058
24069 24073
24108 24110
24144 24147
24161 24165
24187 24192
24214 24219
24258 24259
24277 24287
24321 24324
24339 24349
24365 24371
24396 24400
24441 24447
24466 24472
24494 24499
24520 24525
24542 24545
24579 24584
24614 24621
24636 24645
24684 24686
24696 24701
24731 24734
24773 24777
24794 24799
24830 24833
24842 24845
24876 24879
24903 24910
24932 24933
24970 24976
25011 25017
25034 25037
25054 25058
25092 25097
25134 25137
25161 25164
25189 25194
25209 25218
25244 25248
25274 25276
25292 25297
25325 25332
25362 25371
25397 25403
25436 25439
25450 25455
25489 25494
25502 25505
25553 25554
25565 25570
25601 25604
25632 25635
25665 25668
25702 25706
25732 25736
25762 25767
25779 25783
25811 25818
25838 25844
25883 25888
25909 25917
25926 25931
25963 25969
25997 26003
26012 26015
26054 26058
26082 26084
26114 26117
26149 26154
26170 26180
26202 26209
26231 26236
26269 26272
26283 26292
26318 26322
26360 26362
26389 26394
26411 26422
26438 26445
26463 26468
26501 26510
26526 26532
26552 26563
26595 26598
26618 26625
26658 26661
26693 26696
26710 26718
26745 26751
26783 26786
26809 26814
26828 26830
26864 26869
26888 26894
26922 26930
26943 26945
26979 26983
27013 27016
27047 27050
27063 27070
27094 27098
27138 27142
27167 27171
27205 27207
27232 27236
27258 27262
27282 27284
27317 27320
27340 27349
27371 27373
27414 27418
27435 27440
27472 27475
27486 27488
27525 27528
27552 27558
27585 27588
27612 27614
27650 27653
27672 27675
27713 27719
27738 27740
27766 27770
27802 27805
27814 27818
27856 27860
27897 27899
27902 27909
27945 27953
27972 27976
27999 28004
28042 28049
28069 28074
28088 28090
28115 28120
28142 28149
28186 28190
28203 28205
28238 28241
28270 28273
28299 28305
28338 28341
28375 28378
28384 28392
28434 28436
28456 28459
28473 28476
28517 28520
28553 28556
28572 28575
28597 28603
28643 28648
28662 28666
28688 28691
28714 28724
28749 28753
28779 28783
28822 28827
28846 28852
28879 28887
28900 28904
28937 28942
28953 28959
28983 28986
29017 29021
29052 29055
29076 29084
29104 29110
29143 29146
29169 29173
29212 29219
29226 29231
29268 29279
29293 29301
29314 29321
29360 29363
29384 29387
29414 29422
29444 29448
29479 29483
29504 29510
29526 29529
29576 29579
29606 29609
29625 29633
29655 29661
29688 29692
29704 29713
29748 29752
29775 29778
29796 29799
29834 29837
29852 29859
29902 29907
29933 29937
29957 29960
29980 29985
30021 30025
30033 30041
30062 30065
30100 30105
30126 30129
30158 30160
30205 30208
30213 30216
30248 30251
30272 30276
30321 30325
30349 30352
30379 30383
30408 30414
30433 30439
30459 30466
30499 30507
30515 30522
30563 30565
30582 30587
30612 30621
30646 30649
30682 30685
30705 30710
30727 30730
30764 30767
30794 30800
30825 30826
30843 30848
30873 30882
30913 30915
30932 30941
30962 30964
31000 31004
31035 31038
31057 31059
31102 31107
31120 31124
31143 31146
31176 31178
31204 31213
31251 31256
31274 31283
31305 31312
31328 31332
31363 31367
31387 31390
31415 31421
31447 31449
31477 31481
31503 31507
31554 31557
31581 31583
31611 31619
31627 31629
31668 31672
31685 31687
31724 31732
31760 31762
31789 31792
31809 31815
31849 31854
31876 31882
31913 31918
31927 31936
31954 31959
32005 32008
32034 32036
32056 32060
32083 32089
32109 32115
32140 32142
32180 32184
32214 32217
32222 32228
32264 32269
32287 32296
32324 32330
32346 32353
32385 32392
32404 32408
32451 32457
32464 32466
32496 32504
32528 32532
32573 32575
32585 32592
32618 32623
32654 32660
32685 32688
32706 32712
32743 32749
32781 32784
32795 32798
32841 32844
32868 32872
32893 32895
32918 32925
32943 32945
32978 32981
33012 33015
33037 33040
33083 33089
33099 33101
33125 33130
33162 33169
33190 33194
33225 33236
33255 33260
33277 33288
33305 33310
33342 33345
33366 33369
33405 33409
33432 33434
33455 33458
33497 33503
33512 33515
33555 33564
33584 33588
33605 33610
33652 33655
33684 33687
33712 33715
33729 33735
33772 33777
33792 33794
33823 33826
33853 33857
33883 33890
33914 33919
33937 33941
33971 33985
34002 34011
34036 34046
34067 34072
34086 34093
34128 34132
34147 34159
34181 34185
34207 34210
34254 34257
34279 34284
34305 34309
34322 34327
34373 34376
34392 34396
34425 34429
34452 34461
34494 34497
34514 34518
34558 34559
34562 34567
34612 34615
34641 34646
34661 34671
34698 34702
34726 34731
34748 34754
34773 34777
34814 34820
34844 34850
34868 34874
34903 34907
34938 34940
34957 34961
34991 34994
35018 35020
35049 35055
35075 35081
35116 35119
35149 35151
35178 35181
35210 35215
35243 35249
35266 35271
35283 35290
35317 35326
35342 35351
35377 35382
35403 35405
35442 35446
35468 35472
35493 35497
35522 35528
35569 35572
35596 35605
35618 35620
35646 35649
35686 35689
35720 35726
35734 35742
35765 35769
35797 35801
35824 35827
35854 35860
35890 35893
35917 35920
35964 35967
35975 35978
36007 36012
36038 36040
36081 36084
36093 36099
36134 36141
36163 36166
36202 36205
36212 36214
36244 36249
36285 36291
36306 36319
36341 36349
36367 36369
36394 36396
36440 36449
36462 36468
36490 36495
36512 36514
36548 36550
36586 36596
36606 36614
36639 36645
36676 36679
36699 36702
36731 36734
36764 36767
36784 36790
36829 36833
36850 36854
36872 36879
36904 36911
36948 36951
36982 36985
37013 37019
37039 37042
37061 37066
37089 37091
37127 37132
37164 37169
37172 37175
37205 37208
37242 37247
37276 37282
37303 37310
37326 37329
37363 37371
37392 37395
37431 37436
37462 37466
37477 37484
37514 37516
37532 37533
37562 37569
37606 37609
37644 37648
37661 37664
37705 37708
37719 37721
37750 37753
37777 37780
37802 37805
37840 37844
37869 37873
37916 37919
37928 37932
37974 37977
38002 38006
38029 38030
38048 38055
38080 38083
38103 38108
38140 38143
38184 38189
38211 38214
38238 38241
38260 38263
38285 38288
38312 38320
38363 38366
38393 38396
38412 38417
38450 38458
38482 38488
38496 38499
38532 38538
38554 38557
38587 38591
38633 38637
38663 38669
38693 38696
38705 38711
38745 38749
38776 38782
38811 38818
38824 38830
38868 38873
38895 38898
38932 38937
38963 38968
38975 38977
39004 39009
39041 39053
39074 39083
39099 39109
39133 39141
39171 39175
39189 39193
39213 39216
39259 39261
39289 39292
39307 39312
39340 39348
39362 39368
39399 39403
39436 39439
39467 39470
39506 39508
39537 39539
39556 39560
39579 39582
39607 39610
39646 39650
39679 39685
39693 39695
39740 39743
39763 39767
39789 39793
39821 39829
39850 39856
39887 39892
39914 39917
39939 39942
39977 39984
40006 40009
40023 40029
40059 40066
40105 40109
40119 40122
40161 40168
40183 40186
40227 40229
40251 40254
40263 40266
40308 40311
40329 40334
40358 40364
40392 40399
40433 40435
40445 40450
40492 40496
40521 40524
40549 40554
40567 40574
40604 40611
40626 40630
40655 40661
40683 40688
40714 40718
40749 40757
40793 40797
40804 40810
40836 40839
40862 40864
40899 40904
40940 40947
40971 40974
40991 40995
41028 41033
41043 41052
41078 41084
41108 41110
41153 41159
41186 41189
41209 41215
41240 41247
41263 41266
41300 41305
41324 41330
41354 41360
41373 41376
41419 41426
41434 41443
41471 41477
41512 41516
41540 41541
41555 41560
41586 41593
41613 41619
41642 41645
41678 41684
41713 41716
41734 41738
41763 41771
41792 41801
41828 41831
41874 41877
41894 41897
41931 41937
41950 41953
41989 41994
42002 42010
42037 42039
42080 42085
42094 42101
42142 42147
42165 42169
42184 42189
42228 42234
42242 42247
42273 42276
42305 42308
42350 42354
42382 42384
42400 42406
42433 42437
42468 42473
42497 42503
42533 42534
42545 42552
42572 42585
42618 42625
42655 42659
42666 42668
42709 42714
42743 42745
42763 42772
42784 42787
42813 42815
42865 42868
42873 42876
42902 42911
42952 42954
42974 42980
43001 43006
43026 43028
43057 43061
43085 43090
43126 43132
43155 43166
43178 43186
43206 43214
43246 43250
43268 43272
43304 43306
43337 43340
43367 43372
43384 43392
43420 43429
43462 43467
43489 43496
43521 43525
43536 43540
43577 43580
43606 43615
43627 43630
43655 43656
43689 43695
43728 43735
43746 43750
43774 43782
43802 43808
43848 43854
43864 43869
43899 43906
43928 43932
43962 43971
43983 43989
44015 44018
44043 44048
44074 44077
44112 44115
44132 44138
44162 44165
44197 44202
44224 44228
44270 44276
44296 44299
44317 44321
44367 44368
44375 44380
44408 44412
44442 44444
44465 44468
44514 44517
44531 44538
44566 44572
44592 44594
44615 44618
44652 44654
44693 44696
44718 44720
44742 44743
44765 44772
44800 44802
44844 44847
44869 44876
44887 44891
44924 44926
44956 44959
44988 44999
45004 45007
45053 45059
45065 45069
45097 45104
45123 45127
45159 45162
45185 45187
45217 45220
45247 45252
45280 45282
45306 45312
45339 45344
45362 45371
45395 45404
45434 45439
45457 45459
45491 45496
45529 45537
45554 45565
45591 45598
45620 45623
45634 45637
45667 45675
45699 45706
45744 45746
45764 45767
45788 45791
45830 45833
45850 45857
45875 45877
45911 45920
45938 45942
45977 45981
45993 45997
46037 46041
46067 46071
46100 46105
46135 46139
46154 46160
46174 46182
46213 46221
46243 46246
46276 46283
46299 46303
46325 46329
46357 46360
46386 46392
46413 46419
46457 46465
46477 46482
46506 46516
46552 46559
46563 46571
46612 46615
46643 46649
46659 46662
46699 46704
46719 46722
46753 46758
46779 46782
46809 46814
46842 46847
46866 46876
46903 46906
46944 46947
46968 46979
47000 47005
47026 47029
47050 47054
47095 47099
47126 47129
47146 47148
47175 47183
47201 47207
47239 47248
47271 47274
47282 47286
47322 47328
47360 47363
47384 47387
47424 47425
47437 47440
47482 47487
47503 47510
47533 47541
47567 47570
47604 47606
47629 47633
47644 47647
47685 47687
47705 47710
47741 47744
47769 47775
47802 47806
47828 47832
47862 47868
47897 47899
47919 47922
47961 47966
47985 47988
48009 48013
48037 48040
48070 48077
48094 48097
48140 48141
48173 48178
48186 48196
48235 48236
48264 48269
48278 48288
48303 48306
48350 48356
48363 48371
48397 48401
48422 48431
48470 48473
48483 48489
48534 48537
48563 48567
48573 48582
48621 48624
48632 48634
48667 48673
48704 48713
48724 48728
48752 48757
48790 48796
48814 48816
48852 48855
48891 48893
48902 48908
48936 48942
48984 48988
49015 49018
49033 49035
49071 49074
49094 49097
49134 49136
49163 49165
49192 49197
49223 49226
49248 49251
49267 49270
49304 49307
49323 49332
49358 49366
49384 49386
49432 49433
49451 49456
49479 49481
49505 49508
49543 49551
49574 49578
49610 49614
49636 49639
49668 49673
49689 49692
49712 49719
49745 49752
49787 49797
49818 49823
49832 49835
49865 49870
49897 49905
49927 49932
49958 49967
49986 49988
50015 50024
50056 50059
50085 50091
50112 50115
50154 50157
50182 50187
50204 50213
50226 50233
50257 50258
50298 50303
50315 50318
50345 50349
50386 50389
50408 50419
50447 50450
50463 50470
50496 50505
50530 50533
50555 50564
50587 50592
50614 50617
50648 50654
50673 50678
50707 50710
50741 50747
50780 50784
50794 50802
50839 50841
50875 50876
50885 50888
50922 50927
50944 50950
50985 50990
51023 51027
51040 51048
51068 51072
51101 51103
51135 51141
51159 51165
51194 51197
51217 51223
51244 51250
51272 51276
51327 51329
51355 51358
51371 51374
51395 51401
51437 51444
51465 51467
51488 51493
51534 51537
51553 51566
51596 51599
51622 51627
51656 51659
51667 51671
51692 51698
51737 51742
51770 51773
51791 51799
51828 51836
51855 51862
51885 51894
51915 51925
51950 51955
51962 51968
52002 52007
52041 52043
52068 52071
52086 52093
52125 52127
52160 52165
52172 52176
52219 52226
52246 52253
52267 52272
52303 52309
52343 52345
52360 52363
52393 52396
52430 52435
52460 52464
52493 52496
52516 52520
52538 52542
52571 52574
52609 52614
52626 52628
52653 52656
52697 52703
52730 52735
52744 52751
52774 52781
52813 52817
52851 52856
52866 52869
52910 52918
52930 52936
52965 52971
53004 53009
53021 53029
53058 53062
53088 53091
53115 53122
53147 53149
53164 53167
53201 53204
53237 53241
53262 53266
53304 53305
53333 53338
53358 53367
53387 53394
53405 53409
53451 53455
53476 53482
53497 53503
53540 53549
53562 53567
53597 53601
53637 53639
53661 53663
53693 53696
53714 53716
53743 53749
53784 53788
53814 53818
53831 53836
53872 53878
53893 53898
53934 53937
53949 53955
53997 53999
54002 54004
54049 54057
54065 54070
54107 54112
54125 54130
54153 54162
54188 54194
54215 54219
54260 54265
54274 54280
54305 54311
54332 54335
54375 54382
54408 54415
54429 54432
54456 54458
54493 54502
54514 54518
54565 54567
54586 54591
54609 54615
54652 54656
54671 54677
54712 54717
54730 54734
54765 54768
54802 54808
54819 54822
54845 54849
54876 54882
54908 54913
54947 54954
54980 54984
54994 54999
55040 55046
55075 55077
55098 55105
55120 55124
55163 55169
55186 55188
55213 55218
55234 55239
55262 55267
55310 55312
55339 55341
55369 55373
55393 55400
55419 55422
55448 55454
55486 55492
55525 55528
55555 55559
55571 55576
55604 55608
55643 55648
55664 55668
55687 55691
55718 55722
55744 55751
55774 55776
55817 55824
55851 55858
55881 55882
55901 55906
55924 55934
55959 55967
55982 55985
56027 56030
56056 56060
56087 56088
56120 56125
56140 56149
56166 56173
56211 56219
56240 56247
56256 56265
56284 56291
56316 56322
56349 56355
56376 56383
56412 56416
56456 56459
56484 56489
56494 56502
56528 56533
56561 56567
56603 56606
56628 56631
56659 56665
56681 56684
56714 56719
56738 56741
56764 56773
56810 56815
56842 56845
56872 56873
56886 56892
56926 56933
56960 56962
56979 56984
57020 57023
57053 57058
57083 57086
57093 57097
57145 57148
57167 57172
57198 57201
57226 57229
57246 57250
57283 57290
57303 57304
57354 57358
57362 57364
57415 57418
57434 57442
57464 57474
57482 57490
57535 57538
57553 57558
57585 57589
57607 57612
57644 57647
57664 57673
57693 57701
57722 57728
57769 57775
57799 57803
57824 57828
57852 57859
57890 57896
57912 57916
57943 57945
57968 57972
57998 58004
58040 58045
58052 58055
58083 58089
58133 58136
58164 58165
58193 58198
58204 58210
58250 58258
58284 58289
58306 58312
58344 58346
58375 58376
58398 58403
58413 58416
58467 58468
58488 58493
58509 58513
58534 58540
58568 58573
58612 58615
58632 58638
58657 58661
58704 58709
58724 58732
58766 58767
58778 58783
58809 58814
58841 58845
58862 58867
58915 58918
58938 58948
58972 58975
58987 58992
59017 59020
59056 59058
59076 59082
59103 59111
59144 59150
59170 59173
59211 59213
59242 59245
59260 59265
59292 59294
59330 59333
59359 59362
59390 59393
59416 59422
59444 59448
59470 59477
59516 59519
59543 59545
59572 59575
59582 59587
59612 59615
59659 59661
59687 59692
59706 59711
59746 59749
59786 59789
59806 59815
59827 59829
59861 59864
59897 59902
59913 59922
59959 59961
59987 59990
60019 60024
60043 60049
60080 60082
60093 60096
60136 60138
60173 60177
60193 60199
60217 60221
60255 60262
60279 60284
60319 60325
60345 60347
60366 60369
60401 60412
60426 60431
60471 60474
60491 60498
60522 60528
60559 60566
60579 60582
60615 60619
60637 60639
60662 60666
60704 60707
60736 60739
60767 60770
60798 60801
60812 60817
60850 60857
60886 60890
60913 60917
60941 60943
60965 60970
60992 60996
61037 61040
61066 61070
61090 61091
61120 61127
61152 61158
61192 61196
61222 61225
61253 61258
61273 61280
61295 61299
61323 61327
61353 61357
61390 61392
61420 61424
61456 61459
61494 61497
61517 61526
61554 61559
61584 61588
61607 61614
61637 61640
61668 61676
61689 61695
61731 61737
61752 61754
61772 61777
61808 61810
61851 61854
61878 61880
61915 61918
61927 61934
61964 61970
61998 62006
62016 62024
62052 62059
62092 62094
62117 62120
62156 62159
62168 62173
62203 62206
62227 62232
62271 62275
62288 62291
62331 62333
62359 62362
62379 62383
62411 62417
62435 62439
62463 62465
62514 62517
62540 62542
62567 62571
62603 62606
62638 62639
62644 62649
62673 62676
62709 62716
62733 62738
62770 62778
62800 62808
62831 62834
62857 62861
62900 62909
62919 62920
62942 62947
62995 62998
63004 63007
63052 63057
63070 63072
63105 63108
63136 63141
63159 63162
63191 63199
63222 63229
63262 63266
63278 63287
63317 63323
63352 63356
63372 63378
63394 63396
63433 63438
63452 63456
63486 63487
63529 63536
63557 63563
63576 63579
63623 63628
63643 63645
63663 63664
63695 63697
63725 63728
63759 63767
63786 63793
63817 63822
63851 63856
63887 63890
63907 63913
63941 63944
63978 63982
63997 64004
64037 64040
64056 64063
64090 64093
64116 64121
64155 64161
64179 64188
64202 64208
64242 64248
64270 64273
64292 64296
64323 64328
64357 64365
64387 64396
64412 64418
64458 64462
64486 64490
64523 64524
64535 64536
64565 64570
64599 64605
64633 64641
64653 64659
64699 64705
64714 64718
64744 64748
64773 64778
64811 64819
64833 64840
64863 64866
64908 64916
64933 64940
64965 64971
64986 64990
65027 65029
65059 65064
65081 65084
65125 65127
65132 65138
65180 65185
65203 65208
65235 65239
65257 65263
65298 65301
65313 65325
65347 65358
65387 65393
65408 65416
65434 65439
65477 65479
65500 65503
65544 65549
65557 65559
65585 65588
65617 65622
65648 65651
65686 65692
65709 65711
65741 65743
65778 65782
65803 65810
65841 65843
65861 65866
65896 65904
65923 65927
65946 65954
65973 65976
66018 66020
66036 66039
66066 66070
66103 66106
66141 66144
66167 66169
66190 66196
66215 66226
66248 66253
66293 66298
66302 66309
66333 66342
66365 66370
66393 66398
66441 66446
66470 66477
66501 66504
66529 66536
66555 66562
66577 66587
66609 66612
66644 66655
66674 66678
66714 66717
66738 66743
66759 66765
66801 66809
66822 66831
66849 66850
66873 66878
66902 66905
66941 66948
66964 66969
67009 67014
67046 67049
67057 67062
67099 67108
67119 67127
67145 67151
67178 67182
67218 67221
67240 67247
67269 67270
67311 67316
67341 67347
67355 67358
67402 67408
67415 67424
67448 67452
67483 67489
67523 67524
67548 67555
67574 67577
67614 67617
67639 67645
67667 67671
67693 67702
67716 67718
67744 67746
67779 67783
67802 67805
67844 67853
67872 67876
67896 67901
67939 67943
67961 67965
68004 68009
68017 68021
68051 68056
68086 68089
68115 68121
68149 68153
68168 68174
68198 68202
68245 68246
68252 68257
68284 68288
68319 68325
68357 68368
68380 68387
68404 68408
68445 68450
68477 68482
68503 68510
68534 68542
68573 68577
68596 68600
68627 68628
68647 68649
68690 68693
68725 68729
68735 68740
68782 68789
68815 68817
68823 68829
68872 68877
68882 68885
68919 68924
68942 68945
68989 68993
69013 69020
69054 69057
69063 69072
69095 69106
69140 69144
69170 69177
69189 69197
69225 69236
69260 69264
69288 69294
69302 69309
69340 69344
69364 69370
69393 69396
69423 69426
69462 69468
69496 69506
69525 69530
69551 69557
69594 69597
69616 69628
69636 69638
69685 69688
69711 69715
69730 69732
69756 69758
69790 69793
69831 69836
69850 69852
69882 69885
69916 69920
69945 69951
69982 69985
70012 70017
70030 70034
70075 70077
70095 70101
70122 70126
70158 70161
70175 70181
70216 70221
70250 70255
70280 70282
70297 70302
70346 70349
70370 70372
70393 70398
70418 70426
70459 70467
70476 70479
70523 70529
70543 70545
70572 70575
70616 70619
70629 70634
70662 70665
70697 70704
70728 70735
70767 70769
70784 70786
70811 70814
70843 70853
70864 70873
70895 70897
70936 70941
70965 70967
70985 70988
71018 71025
71051 71056
71088 71091
71108 71110
71144 71149
71171 71179
71210 71214
71242 71244
71252 71255
71298 71300
71331 71335
71365 71368
71378 71384
71422 71427
71437 71445
71478 71481
71496 71500
71538 71540
71554 71558
71592 71594
71624 71627
71655 71658
71676 71682
71708 71711
71739 71746
71774 71778
71811 71815
71838 71847
71858 71864
71895 71899
71931 71933
71958 71961
71987 71995
72012 72018
72050 72053
72074 72077
72096 72099
72122 72125
72175 72179
72201 72203
72230 72233
72263 72265
72292 72296
72318 72327
72350 72355
72364 72370
72412 72417
72434 72442
72462 72466
72489 72493
72514 72519
72563 72569
72591 72595
72614 72622
72644 72653
72676 72683
72700 72705
72738 72741
72767 72774
72788 72790
72824 72829
72854 72860
72891 72894
72903 72911
72935 72940
72978 72984
73010 73015
73032 73035
73068 73076
73098 73101
73115 73125
73159 73162
73179 73185
73202 73206
73241 73249
73274 73282
73312 73318
73343 73345
73354 73359
73391 73401
73420 73426
73457 73463
73475 73478
73524 73528
73540 73543
73573 73578
73607 73612
73628 73634
73673 73678
73693 73696
73712 73716
73746 73749
73778 73781
73812 73814
73840 73847
73876 73887
73902 73909
73930 73935
73958 73969
73982 73987
74021 74024
74042 74053
74072 74076
74116 74123
74137 74141
74162 74166
74207 74216
74241 74243
74272 74277
74287 74293
74318 74324
74360 74365
74381 74385
74409 74421
74452 74456
74471 74474
74507 74510
74529 74531
74558 74567
74596 74599
74632 74635
74645 74650
74686 74693
74713 74720
74746 74749
74774 74776
74797 74802
74832 74842
74860 74863
74883 74887
74925 74929
74964 74969
74976 74985
75016 75026
75053 75056
75079 75084
75104 75110
75143 75145
75173 75178
75207 75209
75226 75230
75243 75250
75274 75277
75324 75327
75355 75357
75382 75385
75401 75408
75424 75431
75460 75468
75482 75489
75516 75520
75562 75566
75580 75585
75621 75624
75648 75652
75671 75675
75711 75714
75726 75736
75768 75774
75804 75806
75823 75828
75865 75869
75891 75895
75906 75914
75949 75955
75966 75968
76007 76012
76044 76049
76071 76073
76086 76089
76125 76128
76150 76156
76180 76186
76206 76211
76232 76239
76274 76277
76312 76315
76336 76342
76373 76379
76383 76391
76432 76436
76459 76465
76488 76491
76509 76512
76539 76542
76570 76573
76614 76619
76622 76626
76670 76672
76693 76698
76724 76730
76753 76761
76776 76783
76806 76812
76850 76852
76880 76886
76901 76907
76941 76945
76958 76965
76999 77003
77022 77026
77056 77059
77075 77081
77102 77109
77145 77151
77180 77187
77195 77202
77238 77242
77252 77256
77301 77307
77327 77336
77347 77354
77385 77393
77410 77412
77456 77458
77465 77471
77499 77503
77542 77546
77565 77576
77594 77599
77633 77638
77645 77655
77672 77674
77723 77729
77755 77756
77775 77780
77813 77818
77825 77828
77857 77863
77895 77901
77913 77922
77952 77958
77988 77991
78011 78015
78033 78036
78083 78086
78112 78113
78134 78139
78161 78167
78190 78194
78234 78237
78257 78262
78275 78282
78323 78326
78343 78348
78370 78377
78399 78405
78443 78448
78460 78465
78497 78506
78513 78519
78555 78558
78575 78578
78617 78619
78646 78648
78672 78675
78711 78716
78725 78727
78757 78763
78801 78805
78832 78837
78846 78852
78886 78896
78906 78909
78932 78937
78968 78972
78999 79003
79022 79028
79073 79075
79092 79104
79120 79128
79149 79153
79182 79188
79220 79224
79250 79255
79263 79269
79302 79306
79335 79336
79368 79371
79394 79397
79420 79422
79464 79469
79492 79493
79512 79516
79547 79552
79575 79581
79600 79604
79628 79631
79653 79659
79701 79705
79718 79722
79751 79754
79777 79782
79809 79813
79841 79851
79866 79867
79912 79915
79940 79944
79965 79971
79998 80003
80026 80036
80066 80068
80097 80099
80116 80118
80136 80142
80163 80166
80197 80200
80234 80236
80273 80279
80299 80302
80314 80317
80362 80369
80385 80387
80403 80406
80447 80451
80478 80481
80495 80503
80537 80546
80556 80560
80602 80608
80630 80634
80659 80667
80690 80696
80716 80720
80750 80759
80781 80784
80797 80805
80823 80826
80873 80877
80887 80895
80917 80922
80955 80957
80990 80992
81006 81016
81035 81039
81077 81085
81112 81114
81140 81143
81162 81170
81194 81200
81222 81226
81246 81249
81278 81283
81311 81317
81350 81358
81371 81375
81404 81412
81433 81441
81469 81472
81483 81486
81528 81530
81549 81552
81588 81593
81615 81617
81639 81642
81681 81684
81710 81715
81724 81729
81769 81773
81783 81785
81817 81820
81852 81855
81894 81898
81927 81929
81946 81949
81983 81986
82015 82019
82041 82047
82056 82065
82097 82101
82120 82123
82143 82151
82180 82186
82220 82224
82252 82256
82276 82278
82300 82304
82346 82349
82359 82363
82392 82396
82414 82423
82455 82460
82472 82475
82513 82519
82554 82556
82568 82571
82596 82601
82625 82632
82653 82659
82701 82704
82725 82727
82754 82763
82784 82791
82820 82823
82847 82850
82864 82872
82904 82911
82927 82931
82966 82972
82986 82997
83025 83029
83048 83052
83089 83091
83120 83127
83142 83146
83163 83170
83210 83214
83240 83248
83275 83279
83286 83292
83313 83316
83364 83366
83372 83377
83417 83424
83452 83456
83486 83488
83496 83499
83540 83545
83557 83559
83601 83605
83632 83637
83661 83667
83697 83699
83710 83715
83741 83747
83773 83776
83802 83810
83829 83833
83867 83870
83902 83909
83916 83919
83944 83951
83987 83989
84006 84010
84032 84034
84062 84064
84103 84108
84135 84140
84169 84172
84187 84189
84236 84239
84253 84257
84285 84289
84303 84307
84344 84345
84383 84388
84411 84413
84435 84437
84463 84468
84499 84504
84519 84523
84544 84550
84584 84587
84622 84623
84645 84650
84681 84683
84693 84698
84740 84746
84774 84776
84787 84792
84830 84836
84842 84845
84881 84885
84902 84907
84943 84947
84980 84989
85013 85017
85042 85047
85060 85066
85095 85103
85121 85123
85144 85148
85175 85177
85204 85207
85253 85258
85281 85289
85297 85302
85326 85331
85365 85370
85394 85396
85416 85423
85447 85449
85477 85485
85502 85508
85542 85545
85564 85566
85608 85612
85638 85646
85663 85669
85684 85688
85720 85724
85747 85755
85786 85789
85811 85817
85849 85854
85884 85888
85911 85919
85927 85929
85956 85963
85987 85990
86013 86019
86044 86052
86089 86098
86110 86116
86152 86157
86175 86180
86210 86213
86230 86232
86274 86279
86302 86308
86332 86334
86355 86362
86373 86376
86404 86407
86449 86455
86464 86471
86514 86517
86538 86544
86565 86574
86583 86590
86623 86625
86644 86648
86676 86680
86718 86729
86750 86756
86772 86775
86793 86797
86836 86842
86856 86863
86890 86893
86919 86923
86949 86952
86976 86981
87013 87019
87053 87059
87076 87080
87107 87111
87124 87127
87163 87166
87204 87207
87227 87230
87242 87248
87272 87277
87308 87318
87336 87339
87371 87374
87400 87403
87424 87426
87471 87473
87502 87505
87524 87527
87551 87554
87579 87588
87623 87627
87651 87653
87668 87671
87692 87695
87722 87729
87753 87757
87799 87801
87831 87838
87847 87852
87887 87890
87917 87919
87937 87941
87978 87981
88006 88010
88032 88037
88065 88069
88098 88101
88119 88123
88143 88152
88186 88195
88215 88218
88253 88258
88274 88283
88292 88297
88329 88332
88354 88359
88395 88400
88427 88430
88446 88454
88483 88486
88517 88523
88540 88542
88580 88587
88606 88609
88624 88628
88652 88660
88703 88705
88730 88739
88753 88756
88788 88794
88817 88823
88838 88844
88862 88868
88911 88913
88923 88930
88959 88962
88990 88993
89022 89032
89052 89061
89078 89081
89102 89105
89132 89139
89168 89174
89211 89219
89222 89225
89266 89272
89301 89303
89319 89321
89357 89360
89390 89397
89423 89424
89439 89444
89470 89472
89503 89506
89542 89548
89559 89567
89597 89605
89636 89639
89649 89651
89686 89691
89716 89721
89735 89738
89781 89784
89801 89809
89834 89838
89868 89875
89890 89893
89931 89933
89942 89944
89993 89998
90018 90023
90047 90050
90074 90076
90092 90099
90126 90129
90168 90170
90182 90192
90232 90236
90248 90252
90272 90275
90302 90304
90333 90343
90382 90386
90416 90419
90422 90427
90471 90476
90501 90505
90512 90522
90552 90555
90579 90583
90616 90620
90641 90647
90666 90672
90698 90700
90739 90744
90762 90764
90799 90808
90823 90832
90864 90869
90891 90894
90913 90917
90956 90958
90963 90967
90999 91002
91038 91047
91074 91079
91099 91104
91117 91119
91158 91165
91177 91180
91218 91220
91241 91243
91264 91266
91297 91302
91330 91337
91367 91376
91391 91394
91419 91424
91453 91456
91483 91486
91522 91527
91547 91550
91581 91586
91603 91606
91623 91630
91672 91675
91701 91706
91715 91717
91751 91754
91773 91775
91804 91809
91845 91850
91882 91884
91899 91905
91929 91937
91962 91973
91995 91997
92021 92025
92055 92064
92072 92078
92125 92128
92134 92141
92171 92174
92203 92205
92236 92239
92256 92258
92289 92291
92327 92330
92353 92359
92373 92376
92419 92421
92436 92441
92464 92470
92499 92502
92529 92532
92571 92575
92604 92607
92623 92629
92661 92663
92677 92685
92709 92718
92742 92744
92776 92782
92803 92809
92839 92844
92861 92868
92889 92891
92921 92926
92954 92957
92975 92982
93009 93012
93040 93045
93080 93084
93105 93107
93142 93144
93164 93172
93183 93189
93233 93235
93265 93267
93274 93277
93308 93312
93346 93350
93375 93381
93394 93402
93443 93444
93462 93465
93498 93507
93532 93538
93563 93568
93577 93580
93614 93617
93641 93649
93680 93684
93707 93716
93745 93748
93757 93760
93797 93800
93833 93837
93842 93849
93884 93886
93915 93920
93934 93935
93966 93973
93992 94002
94031 94034
94058 94066
94093 94098
94116 94119
94158 94163
94174 94177
94226 94227
94234 94239
94281 94282
94305 94310
94338 94343
94369 94374
94387 94393
94421 94424
94446 94452
94495 94499
94512 94520
94538 94545
94565 94571
94592 94593
94639 94644
94667 94672
94694 94695
94718 94724
94748 94754
94779 94784
94804 94810
94855 94857
94862 94866
94893 94896
94930 94934
94953 94957
94983 94989
95028 95035
95064 95068
95077 95081
95125 95129
95146 95149
95176 95185
95201 95203
95244 95247
95274 95275
95302 95307
95326 95330
95357 95363
95382 95385
95406 95409
95450 95452
95485 95487
95514 95518
95524 95527
95558 95565
95582 95584
95620 95627
95648 95650
95691 95694
95714 95720
95743 95748
95780 95784
95798 95801
95826 95829
95855 95860
95890 95892
95935 95939
95954 95958
95985 95987
96007 96009
96050 96056
96068 96071
96095 96104
96130 96131
96158 96165
96197 96200
96227 96231
96262 96265
96289 96295
96309 96316
96343 96344
96362 96369
96407 96412
96441 96446
96460 96463
96505 96509
96524 96530
96546 96557
96572 96574
96620 96625
96650 96659
96662 96665
96714 96716
96728 96733
96768 96771
96801 96807
96822 96826
96846 96849
96879 96882
96925 96928
96945 96949
96978 96983
96998 97002
97034 97037
97055 97059
97101 97109
97128 97131
97154 97158
97180 97183
97209 97212
97242 97249
97270 97276
97298 97302
97331 97333
97362 97369
97400 97405
97432 97434
97442 97453
97476 97477
97509 97518
97546 97552
97568 97577
97605 97610
97645 97646
97664 97669
97697 97705
97714 97717
97744 97752
97791 97793
97817 97823
97843 97846
97881 97883
97895 97897
97933 97941
97965 97970
97991 97999
98035 98039
98049 98051
98073 98076
98110 98115
98138 98145
98169 98173
98194 98197
98236 98241
98274 98276
98294 98302
98333 98335
98344 98350
98379 98387
98419 98424
98441 98447
98464 98469
98501 98503
98537 98539
98558 98563
98595 98598
98614 98617
98656 98665
98690 98695
98708 98717
98752 98756
98772 98776
98796 98802
98828 98831
98852 98859
98897 98900
98916 98923
98946 98954
98975 98979
99022 99027
99041 99046
99076 99078
99099 99104
99129 99134
99161 99166
99203 99205
99218 99219
99249 99252
99287 99295
99305 99308
99332 99337
99363 99372
99405 99408
99434 99444
99457 99463
99491 99494
99517 99525
99557 99561
99593 99597
99604 99609
99649 99655
99665 99668
99699 99705
99730 99739
99767 99774
99782 99791
99832 99838
99842 99847
99873 99877
99904 99911
99949 99957
99964 99967
100006 100013
100043 100046
100072 100076
100090 100096
100127 100133
100160 100165
100188 100191
100205 100208
100233 100236
100280 100286
100301 100304
100341 100343
100364 100366
100393 100400
100417 100419
100451 100458
100495 100497
100507 100510
100541 100547
100562 100565
100601 100608
100623 100630
100660 100664
100698 100706
100724 100726
100765 100768
100790 100795
100823 100829
100848 100854
100872 100874
100896 100901
100935 100938
100958 100962
100987 100990
101020 101026
101055 101058
101077 101081
101119 101128
101152 101157
101170 101173
101197 101204
101240 101244
101272 101274
101288 101291
101313 101315
101358 101361
101387 101390
101418 101426
101455 101458
101466 101475
101498 101507
101530 101539
101563 101569
101600 101607
101621 101627
101655 101661
101673 101679
101716 101718
101737 101744
101776 101780
101810 101818
101841 101843
101852 101855
101900 101906
101917 101926
101950 101954
101991 101996
102005 102013
102033 102042
102072 102081
102108 102111
102138 102143
102155 102158
102198 102206
102215 102217
102260 102265
102275 102284
102325 102328
102333 102337
102370 102375
102399 102406
102425 102429
102466 102471
102491 102493
102520 102526
102545 102556
102580 102586
102608 102610
102636 102640
102670 102677
102705 102710
102734 102737
102771 102776
102804 102806
102829 102835
102842 102847
102876 102880
102919 102923
102937 102941
102977 102980
103015 103018
103024 103026
103055 103061
103097 103101
103125 103127
103155 103160
103183 103190
103205 103208
103249 103259
103272 103282
103294 103296
103341 103346
103353 103355
103390 103397
103419 103424
103451 103459
103473 103478
103523 103527
103551 103553
103567 103575
103598 103607
103644 103645
103655 103660
103684 103691
103724 103733
103766 103767
103789 103794
103807 103811
103850 103852
103862 103868
103898 103903
103924 103931
103964 103967
104007 104009
104028 104031
104051 104054
104079 104088
104104 104110
104133 104134
104173 104178
104207 104211
104227 104233
104260 104269
104302 104304
104332 104338
104346 104354
104393 104394
104404 104411
104442 104447
104485 104488
104514 104517
104543 104547
104563 104566
104584 104589
104633 104636
104645 104653
104674 104677
104721 104728
104744 104746
104785 104789
104799 104803
104822 104826
104866 104877
104890 104896
104922 104926
104947 104953
104985 104993
105002 105008
105036 105038
105063 105070
105100 105103
105142 105147
105158 105163
105205 105208
105215 105222
105244 105246
105279 105285
105312 105320
105350 105358
105362 105374
105398 105401
105424 105427
105457 105461
105486 105492
105524 105529
105549 105552
105580 105584
105618 105624
105657 105659
105665 105673
105711 105713
105741 105749
105772 105775
105797 105803
105825 105829
105846 105852
105887 105890
105902 105908
105942 105951
105974 105981
106002 106005
106033 106036
106056 106061
106083 106090
106123 106125
106165 106167
106190 106196
106208 106210
106246 106250
106275 106278
106301 106302
106329 106334
106371 106377
106399 106402
106433 106439
106451 106455
106483 106486
106523 106526
106545 106549
106574 106581
106612 106613
106637 106642
106669 106674
106700 106703
106712 106714
106750 106756
106777 106781
106821 106823
106833 106842
106870 106877
106915 106918
106934 106936
106962 106967
106998 107008
107023 107028
107051 107060
107083 107087
107108 107112
107140 107144
107165 107176
107202 107206
107239 107248
107270 107275
107292 107298
107312 107316
107362 107366
107392 107397
107420 107426
107444 107447
107481 107485
107497 107501
107538 107542
107561 107570
107603 107607
107632 107637
107651 107653
107694 107699
107718 107719
107732 107738
107778 107784
107800 107803
107840 107849
107854 107858
107906 107907
107913 107919
107950 107952
107984 107986
108020 108025
108052 108057
108077 108080
108116 108118
108125 108137
108155 108161
108205 108207
108236 108239
108246 108253
108280 108288
108306 108310
108343 108350
108381 108385
108407 108412
108427 108428
108458 108465
108489 108493
108517 108526
108544 108547
108573 108578
108618 108627
108648 108650
108665 108668
108692 108701
108729 108732
108753 108758
108788 108793
108818 108826
108846 108857
108875 108879
108904 108912
108933 108941
108970 108973
109003 109008
109035 109041
109059 109065
109099 109102
109117 109121
109153 109157
109185 109192
109219 109223
109240 109248
109272 109279
109298 109302
109329 109332
109371 109375
109393 109403
109427 109430
109448 109453
109491 109497
109505 109511
109555 109559
109571 109576
109614 109617
109628 109630
109671 109675
109699 109701
109716 109720
109751 109753
109785 109789
109807 109811
109842 109844
109871 109881
109908 109912
109936 109937
109971 109976
110001 110005
110032 110033
110055 110057
110082 110085
110105 110110
110132 110138
110181 110186
110204 110208
110236 110239
110258 110260
110283 110286
110330 110333
110364 110369
110372 110374
110410 110413
110446 110456
110471 110476
110494 110499
110539 110542
110563 110569
110584 110588
110612 110620
110656 110661
110676 110681
110704 110709
110735 110745
110767 110774
110809 110813
110845 110848
110863 110868
110883 110885
110918 110924
110953 110959
110974 110980
111011 111015
111037 111042
111068 111074
111096 111098
111124 111127
111161 111166
111193 111196
111215 111217
111263 111265
111278 111283
111316 111322
111350 111356
111374 111376
111401 111406
111440 111443
111462 111465
111498 111499
111513 111518
111547 111553
111590 111593
111605 111612
111636 111640
111684 111686
111692 111701
111723 111726
111766 111771
111787 111797
111817 111820
111844 111846
111876 111879
111915 111919
111940 111944
111983 111984
111992 111997
112032 112040
112055 112062
112089 112091
112119 112124
112155 112159
112189 112196
112214 112216
112243 112248
112279 112283
112305 112308
112345 112347
112360 112367
112395 112406
112414 112418
112460 112469
112482 112485
112504 112507
112555 112557
112571 112573
112611 112614
112637 112643
112654 112658
112687 112696
112721 112726
112757 112765
112784 112790
112818 112822
112835 112842
112875 112882
112906 112915
112943 112949
112958 112962
113006 113008
113021 113023
113061 113064
113095 113098
113102 113109
113155 113158
113166 113174
113209 113214
113240 113242
113268 113272
113292 113297
113331 113335
113346 113348
113377 113382
113421 113424
113457 113459
113462 113471
113498 113505
113528 113537
113560 113565
113583 113591
113616 113620
113653 113655
113687 113689
113718 113724
113745 113752
113772 113776
113809 113813
113830 113837
113873 113879
113892 113896
113933 113937
113952 113960
113981 113985
114013 114017
114050 114051
114069 114074
114102 114109
114127 114132
114152 114156
114201 114204
114214 114221
114256 114264
114285 114287
114316 114324
114339 114343
114365 114367
114397 114402
114428 114440
114469 114474
114492 114498
114516 114526
114554 114556
114580 114584
114611 114616
114646 114652
114675 114684
114698 114705
114731 114734
114769 114771
114799 114802
114817 114822
114861 114863
114894 114898
114915 114919
114941 114945
114974 114978
114997 115002
115025 115030
115053 115057
115088 115092
115129 115132
115158 115160
115187 115190
115219 115224
115241 115246
115280 115283
115312 115315
115342 115346
115374 115377
115402 115408
115415 115421
115464 115468
115474 115478
115504 115509
115549 115551
115571 115576
115595 115598
115625 115634
115663 115667
115695 115697
115716 115720
115757 115762
115785 115792
115806 115808
115847 115853
115871 115875
115893 115899
115942 115947
115970 115975
115994 115997
116018 116021
116060 116062
116087 116093
116126 116128
116133 116136
116167 116170
116204 116210
116222 116225
116261 116262
116302 116307
116320 116326
116347 116350
116375 116381
116414 116421
116434 116440
116484 116486
116505 116510
116541 116544
116557 116565
116586 116588
116630 116636
116656 116663
116690 116691
116720 116725
116756 116758
116764 116769
116805 116808
116842 116845
116862 116871
116900 116909
116929 116935
116955 116958
116979 116985
117007 117013
117052 117055
117080 117084
117099 117104
117139 117143
117162 117171
117200 117204
117228 117235
117253 117262
117285 117287
117313 117320
117352 117356
117376 117378
117402 117405
117428 117433
117468 117476
117485 117492
117514 117521
117554 117558
117582 117588
117607 117609
117653 117658
117684 117688
117702 117707
117726 117735
117755 117762
117790 117796
117836 117839
117845 117854
117886 117890
117916 117920
117945 117948
117983 117985
118010 118015
118032 118039
118068 118074
118101 118105
118128 118134
118142 118149
118186 118192
118209 118212
118233 118235
118274 118277
118311 118319
118340 118349
118359 118363
118399 118407
118431 118434
118446 118454
118484 118486
118513 118515
118532 118537
118578 118587
118609 118611
118641 118645
118664 118671
118693 118696
118713 118715
118763 118768
118781 118788
118810 118816
118843 118850
118872 118874
118916 118917
118922 118927
118970 118974
118982 118989
119031 119035
119059 119065
119080 119086
119121 119126
119148 119155
119179 119188
119193 119203
119228 119232
119267 119270
119292 119297
119328 119331
119355 119366
119385 119394
119411 119415
119452 119455
119472 119479
119504 119510
119537 119542
119569 119571
119593 119600
119617 119619
119651 119656
119672 119677
119704 119706
119746 119754
119768 119771
119803 119807
119835 119839
119854 119857
119895 119900
119927 119933
119943 119950
119983 119987
120014 120022
120045 120048
120065 120073
120098 120104
120135 120140
120167 120169
120191 120194
120214 120222
120254 120261
120287 120292
120314 120321
120340 120346
120372 120377
120410 120412
120427 120430
120469 120475
120484 120486
120531 120533
120560 120562
120583 120586
120618 120623
120641 120645
120667 120670
120705 120713
120732 120733
120771 120774
120799 120805
120828 120830
120854 120860
120885 120890
120903 120908
120934 120943
120980 120981
121006 121011
121038 121041
121059 121065
121085 121091
121135 121138
121160 121162
121175 121179
121214 121219
121232 121234
121265 121270
121292 121295
121342 121346
121359 121364
121402 121404
121424 121431
121450 121453
121489 121491
121505 121508
121536 121541
121578 121580
121599 121608
121626 121634
121673 121678
121693 121699
121725 121729
121753 121757
121774 121778
121814 121818
121846 121857
121877 121880
121914 121916
121938 121941
121957 121960
121987 121992
122035 122039
122053 122057
122082 122089
122122 122128
122138 122146
122181 122188
122201 122202
122234 122239
122269 122272
122299 122304
122319 122324
122362 122364
122383 122386
122413 122417
122439 122449
122471 122476
122506 122514
122534 122536
122559 122568
122600 122604
122618 122622
122648 122652
122684 122689
122714 122717
122747 122750
122780 122782
122803 122811
122843 122845
122856 122864
122889 122890
122931 122936
122944 122948
122989 122993
123006 123014
123038 123047
123068 123074
123097 123100
123125 123127
123158 123164
123185 123188
123233 123236
123260 123266
123275 123285
123308 123310
123351 123359
123362 123367
123396 123403
123442 123445
123454 123459
123486 123489
123518 123527
123550 123556
123586 123592
123602 123603
123643 123650
123684 123687
123694 123700
123738 123742
123764 123772
123787 123791
123831 123833
123857 123864
123886 123888
123919 123924
123953 123955
123983 123988
123999 124002
124028 124037
124073 124074
124104 124109
124130 124138
124142 124150
124185 124192
124223 124226
124239 124247
124269 124277
124300 124301
124333 124338
124363 124370
124386 124392
124432 124436
124460 124466
124485 124491
124514 124523
124550 124556
124579 124585
124596 124601
124636 124641
124670 124677
124683 124690
124721 124726
124742 124745
124785 124794
124827 124829
124835 124840
124869 124874
124904 124909
124945 124949
124970 124976
125004 125006
125021 125028
125053 125057
125077 125086
125113 125118
125138 125146
125168 125172
125206 125211
125233 125244
125260 125263
125303 125309
125312 125314
125356 125362
125392 125398
125402 125406
125450 125455
125465 125468
125508 125516
125545 125547
125563 125569
125598 125605
125620 125625
125652 125654
125679 125685
125721 125729
125751 125754
125765 125767
125808 125811
125827 125830
125862 125869
125889 125898
125932 125935
125949 125958
125992 125995
126017 126023
126040 126047
126077 126082
126094 126101
126127 126130
126162 126164
126190 126195
126229 126231
126257 126262
126280 126289
126305 126307
126335 126339
126378 126383
126392 126396
126424 126430
126470 126476
126489 126498
126526 126531
126561 126567
126584 126595
126612 126617
126647 126651
126684 126688
126701 126709
126736 126739
126752 126755
126785 126788
126822 126826
126845 126854
126875 126878
126903 126912
126941 126946
126966 126969
126998 127005
127037 127045
127056 127059
127087 127094
127113 127118
127160 127167
127189 127197
127211 127218
127249 127250
127277 127282
127293 127300
127334 127338
127360 127368
127400 127408
127422 127429
127448 127453
127481 127484
127502 127506
127535 127541
127571 127572
127600 127603
127641 127645
127675 127677
127696 127701
127720 127724
127758 127767
127782 127785
127816 127823
127849 127855
127867 127870
127896 127898
127930 127931
127960 127965
127999 128004
128026 128029
128048 128051
128076 128082
128107 128113
128140 128147
128182 128186
128211 128216
128231 128240
128255 128261
128288 128295
128332 128337
128357 128366
128379 128385
128411 128416
128441 128446
128468 128471
128501 128506
128542 128544
128565 128569
128591 128595
128623 128629
128650 128660
128675 128680
128711 128714
128753 128756
128778 128782
128796 128805
128830 128839
128872 128875
128899 128908
128918 128921
128958 128962
128985 128988
129021 129025
129048 129053
129084 129087
129111 129119
129145 129148
129155 129158
129203 129208
129222 129227
129243 129245
129281 129289
129310 129314
129348 129351
129372 129377
129413 129417
129434 129437
129461 129463
129498 129502
129526 129529
129551 129556
129587 129590
129621 129627
129641 129649
129670 129674
129700 129703
129731 129737
129753 129759
129796 129800
129829 129831
129852 129857
129884 129890
129908 129914
129943 129949
129967 129977
130005 130015
130039 130042
130068 130071
130083 130086
130127 130134
130149 130156
130193 130197
130205 130208
130240 130242
