256 260
1099 1105
1403 1408
1903 1909
1953 1960
2073 2079
2298 2301
2329 2334
2377 2380
2410 2416
2464 2467
2619 2624
2659 2665
2772 2778
2870 2876
3019 3025
3036 3041
3412 3414
3438 3443
3771 3777
3812 3817
3995 3997
4122 4129
4428 4433
4519 4526
4583 4586
4971 4977
5435 5441
5500 5507
5552 5558
6128 6131
6223 6229
6289 6294
6322 6325
6975 6983
6996 7003
7034 7040
7149 7152
7241 7248
7273 7279
7566 7571
7805 7810
7931 7938
8526 8532
8651 8657
8678 8683
8807 8814
8866 8873
8912 8918
8982 8991
9129 9135
9315 9318
9352 9358
9525 9528
9735 9738
9765 9768
9971 9977
10235 10238
10369 10375
11154 11156
11214 11219
11301 11308
11344 11347
11616 11623
12157 12163
12332 12338
12772 12775
12879 12882
13069 13076
13552 13558
14178 14189
14235 14242
14535 14539
14652 14659
14922 14929
15021 15026
15081 15084
15157 15163
15604 15606
15914 15918
16393 16399
16580 16587
16595 16602
16655 16658
16959 16966
17104 17110
17237 17242
17676 17683
17868 17874
18137 18143
18458 18467
18692 18695
18765 18770
18890 18893
19129 19135
19247 19250
19687 19690
19901 19913
20588 20591
20798 20805
20925 20932
21152 21158
21411 21417
21906 21913
21999 22005
22031 22035
22143 22150
22398 22404
22421 22424
22507 22514
22545 22553
22594 22600
22670 22673
22848 22858
22905 22913
22930 22934
23237 23243
23317 23325
23534 23540
23763 23769
23841 23847
23988 23994
24048 24050
24303 24308
24351 24356
24579 24586
24665 24670
24794 24801
24831 24837
24950 24956
25045 25048
25083 25087
25146 25152
25234 25241
25477 25484
25580 25589
25988 25994
26013 26019
26116 26124
26561 26567
27192 27199
27246 27253
27665 27671
27858 27863
28252 28259
28449 28454
28535 28537
28564 28571
28696 28705
28751 28761
28962 28964
28984 28991
29326 29332
29372 29378
29432 29438
29845 29849
29863 29870
29930 29939
30008 30015
30050 30056
30254 30260
30455 30458
30589 30593
30612 30618
30892 30898
30920 30925
30973 30976
31239 31243
31297 31305
31358 31366
31443 31448
31483 31486
31511 31514
31904 31909
32047 32053
32553 32558
32959 32962
33071 33075
33365 33371
33401 33406
33725 33728
34460 34464
34536 34541
34689 34695
34727 34732
34931 34939
35003 35009
35076 35080
35144 35150
35205 35211
35236 35238
35408 35416
35531 35538
35590 35596
35714 35718
35860 35869
35918 35925
35976 35984
36066 36068
36187 36192
36394 36396
36543 36549
36709 36716
36850 36856
37569 37575
37845 37847
37881 37888
38050 38058
38349 38355
38475 38484
38870 38875
38894 38897
39525 39532
39619 39625
39633 39639
39755 39762
39824 39832
40268 40276
40635 40641
40667 40675
41033 41038
41564 41568
41593 41600
41711 41717
41915 41921
41985 41993
42514 42522
42754 42761
42974 42976
43003 43006
43031 43040
43683 43687
43749 43753
43902 43908
44048 44056
44479 44487
44598 44603
44738 44744
44884 44886
45035 45043
45225 45232
45257 45263
45362 45367
45616 45622
45675 45680
45817 45825
46215 46220
46232 46234
46665 46673
47198 47205
47358 47364
47737 47742
47774 47782
47962 47968
48162 48168
48266 48269
48335 48340
48546 48552
48954 48959
48982 48988
49568 49571
49652 49656
49743 49753
49781 49787
50018 50021
50182 50188
50235 50242
50351 50353
50470 50473
50827 50834
51290 51293
51521 51527
51604 51607
51640 51646
51825 51830
52030 52037
52477 52486
52505 52511
52634 52641
53049 53056
53084 53090
53226 53231
53434 53440
53533 53537
53772 53779
53928 53935
54196 54204
54552 54558
54613 54621
54782 54790
55026 55032
55058 55064
55085 55093
55452 55456
56202 56209
56483 56489
56498 56502
56798 56803
56832 56839
57131 57134
57156 57163
57260 57266
57465 57470
57593 57596
57686 57689
57830 57839
58352 58354
58452 58463
58487 58490
58655 58661
58863 58866
59767 59770
59830 59833
60127 60133
60185 60189
60212 60214
60252 60258
60980 60983
60999 61002
61147 61156
61263 61269
61608 61613
61808 61817
62105 62108
62350 62357
62615 62621
62923 62930
63377 63384
63468 63473
63724 63732
63942 63948
64024 64032
64101 64109
