1 9
85 88
151 155
237 242
308 319
411 424
484 491
544 547
648 657
744 747
775 780
859 863
876 880
966 971
993 997
1033 1036
1043 1047
1124 1127
1176 1178
1245 1248
1343 1351
1440 1446
1527 1531
1628 1635
1677 1680
1730 1738
1811 1816
1836 1844
1850 1856
1898 1901
1982 1989
2003 2005
2100 2104
2197 2203
2281 2292
2294 2300
2361 2368
2391 2394
2483 2488
2520 2526
2537 2540
2558 2561
2634 2640
2739 2746
2792 2796
2814 2821
2895 2898
2919 2923
3022 3026
3072 3074
3118 3123
3222 3226
3236 3240
3299 3303
3380 3384
3427 3433
3517 3524
3531 3535
3612 3619
3698 3705
3748 3753
3809 3811
3831 3834
3864 3867
3921 3926
3935 3940
4021 4025
4048 4056
4102 4109
4149 4154
4210 4213
4277 4283
4350 4357
4409 4416
4486 4490
4590 4592
4682 4687
4788 4796
4849 4853
4888 4892
4924 4932
5022 5027
5069 5071
5095 5099
5110 5116
5129 5135
5199 5210
5270 5276
5337 5342
5422 5432
5510 5513
5530 5535
5612 5616
5687 5689
5789 5794
5851 5855
5883 5887
5890 5891
5972 5978
5984 5987
6069 6076
6162 6165
6239 6241
6275 6284
6353 6357
6396 6401
6467 6469
6491 6493
6557 6561
6659 6668
6693 6697
6746 6748
6842 6850
6941 6944
7033 7035
7059 7065
7101 7106
7148 7152
7241 7243
7257 7261
7343 7347
7354 7359
7374 7377
7402 7407
7413 7417
7441 7444
7451 7454
7496 7499
7600 7604
7684 7687
7714 7720
7746 7753
7811 7815
7897 7903
7998 8002
8024 8026
8061 8066
8116 8120
8173 8175
8197 8201
8231 8233
8275 8279
8378 8380
8469 8471
8500 8504
8512 8516
8613 8617
8672 8675
8720 8725
8761 8764
8809 8813
8883 8888
8909 8912
8959 8966
9034 9041
9092 9096
9195 9200
9239 9245
9265 9269
9316 9319
9414 9417
9494 9500
9543 9548
9573 9576
9652 9658
9740 9744
9805 9808
9824 9830
9915 9919
9924 9928
9932 9937
9970 9974
10018 10021
10039 10044
10051 10055
10090 10093
10143 10146
10205 10210
10288 10297
10362 10369
10407 10410
10431 10437
10508 10513
10597 10601
10612 10615
10704 10710
10737 10742
10781 10788
10866 10869
10925 10929
11007 11012
11100 11105
11162 11172
11271 11279
11308 11311
11333 11336
11385 11389
11476 11480
11567 11571
11591 11595
11688 11693
11754 11757
11799 11802
11899 11910
11959 11962
12048 12051
12072 12076
12088 12090
12117 12120
12180 12185
12213 12215
12272 12282
12289 12292
12318 12325
12346 12351
12444 12449
12501 12504
12524 12528
12570 12573
12595 12599
12621 12626
12631 12639
12719 12722
12789 12793
12824 12825
12829 12834
12894 12901
12921 12925
12998 13002
13063 13066
13108 13112
13135 13139
13219 13225
13250 13254
13288 13294
13322 13324
13353 13358
13443 13450
13544 13548
13573 13576
13634 13636
13676 13680
13760 13767
13817 13823
13826 13828
13883 13891
13955 13957
14047 14051
14087 14092
14164 14173
14222 14225
14252 14257
14281 14284
14354 14357
14379 14383
14410 14418
14517 14519
14585 14588
14644 14648
14714 14716
14758 14761
14855 14858
14885 14891
14925 14928
14952 14957
15037 15038
15050 15052
15087 15093
15097 15104
15146 15149
15200 15204
15276 15278
15329 15332
15406 15408
15472 15475
15541 15546
15615 15618
15689 15693
15784 15787
15799 15801
15902 15906
15970 15973
16068 16076
16127 16133
16208 16211
16247 16250
16325 16328
16395 16396
16422 16425
16511 16516
16585 16589
16673 16676
16679 16682
16779 16783
16855 16856
16954 16957
16974 16977
17032 17035
17124 17128
17208 17212
17260 17264
17358 17359
17447 17450
17511 17514
17579 17585
17622 17625
17640 17644
17728 17730
17823 17831
17834 17840
17915 17918
17990 17994
18076 18079
18118 18121
18165 18171
18223 18229
18269 18272
18347 18349
18419 18423
18448 18456
18482 18486
18504 18509
18545 18548
18605 18608
18614 18623
18653 18657
18685 18691
18774 18780
18814 18821
18866 18873
18880 18883
18955 18961
18990 18995
19013 19016
19080 19087
19183 19187
19263 19266
19323 19330
19351 19355
19400 19402
19461 19463
19554 19561
19640 19644
19722 19725
19818 19828
19914 19922
19934 19942
20021 20026
20082 20086
20089 20094
20164 20168
20201 20206
20231 20236
20318 20324
20371 20376
20436 20439
20483 20485
20586 20589
20606 20613
20688 20693
20734 20739
20791 20794
20850 20856
20884 20891
20933 20936
20963 20968
21034 21041
21131 21137
21165 21167
21235 21237
21248 21252
21314 21323
21363 21367
21386 21390
21477 21481
21484 21486
21521 21524
21567 21571
21625 21629
21681 21689
21753 21759
21789 21796
21826 21830
21931 21933
21945 21948
21976 21979
22048 22056
22103 22108
22130 22134
22141 22144
22197 22200
22289 22292
22351 22353
22447 22449
22480 22485
22513 22516
22612 22614
22616 22621
22689 22691
22693 22696
22763 22769
22822 22824
22834 22838
22841 22843
22921 22925
22940 22944
22967 22968
23066 23072
23153 23156
23216 23220
23271 23277
23279 23282
23292 23297
23392 23395
23434 23436
23462 23467
23498 23501
23519 23523
23604 23613
23617 23620
23634 23641
23711 23714
23789 23799
23857 23859
23937 23938
23991 23992
24080 24084
24100 24103
24129 24132
24196 24199
24266 24269
24327 24330
24405 24409
24504 24506
24541 24547
24638 24643
24728 24730
24742 24744
24796 24798
24895 24898
24994 25000
25060 25067
25091 25097
25153 25161
25208 25214
25257 25263
25294 25299
25303 25311
25320 25327
25351 25358
25409 25416
25504 25509
25544 25548
25555 25558
25646 25650
25684 25692
25781 25788
25838 25843
25902 25906
25965 25970
26018 26031
26088 26091
26128 26131
26149 26151
26187 26190
26239 26245
26326 26333
26344 26351
26364 26366
26430 26434
26466 26470
26550 26556
26642 26647
26677 26681
26724 26727
26794 26797
26834 26837
26916 26921
26986 26988
27029 27032
27068 27072
27118 27120
27147 27150
27219 27221
27223 27225
27271 27274
27314 27316
27385 27386
27413 27416
27460 27465
27477 27479
27538 27544
27637 27641
27648 27650
27744 27750
27803 27808
27889 27892
27993 27999
28091 28095
28116 28120
28173 28176
28274 28277
28361 28365
28460 28466
28490 28491
28549 28555
28647 28650
28731 28735
28766 28769
28804 28807
28854 28859
28920 28928
28936 28940
28960 28962
29039 29042
29127 29134
29170 29174
29229 29233
29256 29261
29307 29310
29357 29362
29370 29374
29442 29445
29544 29551
29638 29641
29645 29647
29728 29735
29822 29825
29924 29928
29968 29970
30014 30022
30044 30048
30066 30069
30115 30120
30195 30199
30223 30227
30272 30276
30303 30306
30310 30312
30326 30331
30421 30427
30483 30488
30546 30548
30576 30580
30582 30588
30607 30609
30703 30705
30792 30796
30841 30844
30871 30881
30961 30965
30967 30970
31006 31009
31036 31042
31096 31102
31201 31210
31288 31296
31352 31355
31396 31398
31443 31447
31543 31547
31567 31570
31621 31627
31681 31684
31767 31772
31807 31813
31879 31886
31950 31951
32021 32026
32045 32048
32108 32115
32131 32133
32187 32193
32285 32293
32305 32310
32338 32343
32418 32423
32485 32492
32561 32565
32609 32613
32709 32715
32773 32776
32791 32794
32835 32838
32847 32853
32883 32887
32897 32901
32994 32998
33027 33032
33109 33112
33166 33169
33179 33182
33196 33203
33239 33242
33302 33308
33341 33343
33409 33416
33466 33471
33532 33538
33541 33546
33613 33616
33654 33660
33715 33720
33775 33779
33857 33864
33936 33941
33944 33951
34018 34021
34032 34035
34039 34044
34069 34072
34147 34157
34231 34235
34315 34322
34354 34359
34420 34426
34521 34524
34539 34548
34642 34645
34649 34654
34726 34735
34807 34812
34858 34867
34952 34960
35021 35027
35065 35076
35086 35089
35126 35131
35221 35229
35236 35243
35248 35251
35332 35336
35395 35397
35459 35466
35489 35495
35551 35556
35576 35579
35669 35674
35678 35685
35701 35703
35716 35719
35766 35771
35862 35868
35966 35968
36030 36039
36099 36105
36166 36169
36240 36243
36326 36334
36417 36424
36446 36456
36517 36524
36620 36623
36710 36716
36765 36771
36852 36857
36894 36896
36995 36998
37064 37072
37097 37101
37157 37162
37252 37259
37319 37326
37369 37377
37464 37469
37536 37546
37635 37643
37647 37650
37741 37749
37783 37786
37881 37889
37907 37916
38000 38003
38075 38078
38153 38159
38169 38176
38213 38219
38292 38298
38389 38394
38477 38481
38510 38514
38550 38560
38624 38630
38694 38700
38762 38767
38782 38785
38812 38817
38841 38851
38924 38929
38980 38983
39053 39058
39115 39118
39131 39135
39140 39146
39161 39164
39211 39214
39266 39272
39344 39348
39373 39376
39445 39449
39486 39491
39545 39551
39627 39635
39666 39670
39728 39736
39791 39801
39895 39899
39932 39938
39961 39965
39973 39976
40075 40078
40170 40173
40262 40265
40275 40278
40333 40339
40422 40430
40512 40515
40536 40539
40546 40553
40646 40653
40698 40701
40782 40787
40866 40871
40958 40961
41045 41050
41060 41064
41132 41139
41168 41175
41194 41199
41273 41282
41333 41342
41362 41369
41391 41395
41448 41451
41538 41541
41634 41637
41655 41658
41712 41720
41815 41818
41824 41828
41886 41889
41943 41945
41997 42000
42060 42063
42093 42094
42108 42113
42191 42196
42270 42277
42320 42324
42370 42378
42471 42475
42528 42532
42605 42608
42651 42659
42735 42740
42784 42789
42800 42802
42825 42829
42930 42934
42986 42988
43018 43023
43045 43051
43121 43124
43148 43155
43243 43249
43335 43339
43438 43446
43534 43541
43563 43567
43634 43642
43652 43660
43676 43682
43768 43771
43824 43830
43843 43849
43853 43857
43874 43877
43901 43904
43952 43956
43975 43979
44048 44054
44130 44139
44214 44222
44242 44248
44266 44274
44321 44325
44421 44427
44501 44504
44509 44518
44570 44579
44625 44631
44664 44671
44763 44765
44851 44858
44878 44881
44970 44974
45055 45059
45157 45162
45250 45253
45311 45315
45414 45418
45424 45434
45500 45503
45556 45564
45587 45594
45653 45656
45721 45727
45768 45772
45779 45786
45841 45850
45914 45918
45987 45990
46032 46037
46072 46076
46081 46087
46094 46103
46189 46192
46222 46226
46271 46277
46319 46323
46339 46345
46437 46441
46457 46461
46512 46518
46606 46612
46687 46691
46748 46751
46840 46846
46938 46942
46974 46976
46988 46997
47059 47063
47090 47097
47139 47143
47173 47177
47233 47235
47330 47333
47403 47406
47440 47447
47527 47533
47602 47607
47629 47632
47708 47715
47745 47749
47771 47777
47831 47837
47839 47845
47894 47901
47912 47919
47983 47988
47997 48000
48004 48007
48033 48038
48058 48060
48109 48117
48169 48172
48226 48229
48238 48242
48289 48292
48326 48333
48412 48421
48460 48463
48478 48487
48522 48528
48628 48636
48671 48680
48764 48767
48853 48856
48957 48966
49066 49071
49101 49107
49157 49163
49194 49200
49243 49251
49277 49279
49363 49370
49398 49402
49468 49471
49489 49495
49513 49519
49613 49614
49697 49702
49748 49750
49819 49827
49881 49889
49973 49980
50032 50044
50128 50130
50135 50140
50206 50213
50228 50233
50322 50326
50424 50428
50502 50511
50588 50596
50663 50671
50754 50762
50813 50817
50890 50894
50935 50941
50945 50954
50982 50994
51067 51073
51132 51133
51197 51202
51284 51289
51368 51373
51464 51469
51546 51557
51586 51594
51613 51622
51627 51631
51645 51649
51715 51721
51816 51824
51853 51856
51858 51867
51942 51949
52013 52015
52066 52074
52165 52172
52229 52238
52327 52330
52430 52433
52472 52477
52497 52504
52594 52601
52644 52648
52727 52729
52788 52793
52851 52858
52936 52941
52964 52967
53067 53071
53119 53126
53148 53153
53202 53210
53306 53315
53337 53339
53431 53436
53532 53535
53603 53604
53647 53652
53745 53753
53800 53810
53829 53835
53884 53890
53985 53991
54038 54041
54136 54138
54159 54163
54199 54206
54273 54276
54324 54329
54411 54418
54440 54445
54453 54462
54559 54564
54650 54660
54679 54685
54741 54745
54800 54803
54822 54829
54834 54842
54867 54869
54914 54923
54992 54997
55097 55102
55145 55147
55199 55208
55268 55274
55363 55369
55403 55412
55478 55486
55567 55574
55673 55682
55739 55747
55804 55806
55889 55894
55914 55919
55936 55941
55993 55995
56083 56088
56105 56108
56207 56210
56263 56265
56330 56333
56360 56364
56388 56390
56422 56427
56478 56483
56561 56565
56662 56666
56739 56743
56753 56757
56788 56797
56836 56841
56873 56878
56914 56915
56962 56967
57006 57008
57088 57090
57131 57137
57212 57215
57288 57294
57368 57374
57425 57429
57436 57444
57545 57551
57623 57626
57645 57652
57698 57703
57726 57735
57741 57745
57831 57842
57896 57899
57961 57967
57977 57980
57986 57989
58040 58044
58080 58083
58157 58161
58194 58200
58269 58274
58371 58374
58433 58435
58492 58495
58592 58597
58640 58643
58665 58667
58746 58754
58823 58826
58832 58834
58856 58864
58937 58941
58978 58984
58998 59002
59007 59011
59037 59042
59116 59123
59158 59164
59197 59204
59252 59255
59273 59279
59374 59378
59401 59405
59417 59423
59461 59466
59503 59508
59549 59558
59606 59610
59647 59656
59738 59748
59762 59768
59786 59792
59842 59850
59935 59938
59969 59972
60035 60038
60063 60066
60072 60075
60119 60126
60196 60202
60271 60274
60300 60306
60340 60349
60367 60371
60407 60411
60498 60505
60560 60565
60583 60588
60688 60692
60775 60783
60806 60808
60861 60865
60944 60947
61041 61046
61091 61094
61178 61183
61247 61251
61347 61352
61422 61426
61501 61503
61520 61523
61546 61550
61589 61594
61609 61612
61659 61665
61719 61724
61781 61786
61884 61890
61897 61906
61933 61943
61964 61967
62027 62034
62109 62118
62144 62147
62247 62250
62292 62295
62385 62388
62430 62439
62487 62499
62530 62532
62581 62584
62631 62634
62680 62689
62756 62759
62816 62820
62902 62905
62927 62931
62972 62975
63023 63026
63098 63106
63123 63128
63172 63178
63250 63257
63292 63302
63339 63342
63422 63428
63463 63470
63548 63553
63596 63605
63620 63621
63700 63705
63732 63741
63840 63843
63937 63940
64024 64029
64111 64113
64134 64135
64197 64202
64233 64237
64271 64275
64320 64322
64417 64418
64492 64496
64583 64588
64631 64634
64652 64655
64685 64686
64719 64722
64815 64818
64826 64830
64844 64847
64946 64951
65010 65021
65026 65032
65119 65124
65130 65133
65228 65235
65269 65272
65373 65378
65414 65419
65429 65435
65519 65521
65537 65544
65600 65604
65689 65690
65702 65707
65726 65734
65822 65831
65912 65913
65917 65924
66010 66021
66072 66075
66107 66111
66200 66207
66214 66221
66264 66270
66366 66368
66461 66463
66486 66488
66495 66499
66528 66537
66611 66613
66617 66620
66659 66662
66718 66721
66804 66807
66850 66856
66937 66940
66989 66993
67043 67047
67112 67121
67192 67199
67225 67230
67267 67276
67337 67344
67432 67436
67450 67453
67523 67528
67562 67565
67663 67668
67729 67733
67786 67792
67820 67824
67833 67840
67847 67854
67903 67907
67911 67919
67962 67963
68020 68020
68080 68087
68099 68104
68185 68188
68232 68239
68296 68296
68375 68377
68417 68423
68487 68491
68569 68574
68667 68670
68679 68681
68725 68728
68777 68785
68881 68884
68915 68921
68948 68952
68958 68962
69024 69030
69081 69090
69163 69165
69172 69176
69266 69270
69345 69349
69364 69367
69409 69409
69464 69472
69553 69553
69596 69600
69637 69642
69701 69707
69767 69775
69869 69870
69907 69911
70010 70014
70026 70037
70109 70115
70133 70143
70184 70190
70277 70280
70292 70299
70392 70400
70437 70440
70475 70478
70570 70572
70665 70671
70757 70761
70779 70781
70859 70862
70898 70902
70960 70965
71042 71047
71098 71099
71165 71175
71273 71276
71303 71313
71371 71377
71404 71408
71412 71418
71510 71516
71591 71596
71634 71639
71702 71705
71770 71775
71851 71858
71947 71956
72050 72052
72070 72075
72146 72149
72207 72211
72309 72314
72349 72352
72424 72427
72475 72478
72545 72552
72610 72611
72614 72620
72679 72685
72709 72712
72721 72725
72812 72817
72840 72843
72876 72879
72969 72974
73017 73026
73056 73060
73126 73128
73160 73165
73254 73261
73348 73357
73412 73418
73491 73494
73521 73526
73574 73579
73677 73680
73730 73731
73738 73744
73748 73751
73844 73847
73884 73887
73923 73927
73978 73982
74000 74005
74031 74035
74057 74064
74137 74143
74181 74186
74273 74281
74355 74360
74405 74411
74425 74431
74494 74497
74587 74591
74652 74654
74708 74711
74721 74726
74735 74745
74785 74792
74881 74886
74912 74915
74942 74951
75007 75011
75055 75057
75059 75064
75152 75163
75201 75208
75276 75281
75287 75296
75325 75331
75354 75365
75401 75404
75493 75500
75582 75585
75647 75650
75727 75735
75804 75810
75877 75880
75965 75970
75990 75992
76078 76083
76152 76158
76163 76171
76230 76232
76308 76312
76365 76368
76416 76419
76477 76484
76585 76589
76600 76604
76658 76662
76702 76704
76716 76720
76792 76796
76800 76802
76868 76871
76947 76956
77012 77014
77112 77116
77126 77131
77189 77192
77232 77234
77328 77331
77342 77348
77442 77445
77503 77505
77528 77531
77583 77586
77617 77623
77686 77688
77744 77748
77809 77812
77855 77859
77945 77949
78018 78020
78062 78069
78077 78085
78094 78098
78129 78134
78190 78197
78221 78226
78308 78310
78407 78412
78513 78520
78557 78562
78571 78573
78627 78630
78708 78711
78742 78748
78828 78831
78847 78850
78924 78932
78957 78959
78972 78975
79065 79068
79150 79153
79251 79254
79281 79284
79369 79375
79469 79474
79485 79489
79551 79554
79646 79656
79695 79699
79725 79729
79780 79785
79841 79847
79889 79897
79961 79965
80006 80011
80023 80029
80107 80110
80199 80203
80213 80216
80299 80307
80323 80329
80361 80364
80422 80426
80492 80499
80585 80590
80619 80630
80691 80699
80758 80765
80807 80810
80879 80882
80925 80933
80959 80963
81044 81048
81092 81098
81128 81131
81142 81145
81225 81228
81277 81285
81361 81367
81442 81446
81500 81509
81584 81588
81639 81642
81735 81738
81783 81786
81841 81848
81944 81949
82027 82031
82070 82073
82159 82164
82182 82186
82251 82259
82284 82287
82299 82304
82314 82317
82320 82322
82326 82329
82409 82412
82480 82483
82520 82524
82611 82615
82666 82669
82694 82698
82773 82779
82787 82793
82893 82900
82963 82971
83036 83043
83115 83117
83135 83140
83147 83156
83196 83199
83287 83290
83363 83368
83443 83446
83500 83500
83525 83525
83557 83560
83636 83642
83712 83713
83753 83758
83808 83817
