1 7
38 40
80 83
179 183
227 229
262 266
323 328
373 376
380 391
479 483
505 508
522 528
568 570
589 595
681 686
758 767
804 812
837 844
868 872
967 975
1043 1051
1084 1087
1149 1152
1156 1167
1187 1193
1257 1264
1312 1315
1374 1378
1445 1448
1538 1543
1640 1646
1661 1667
1764 1767
1795 1798
1850 1853
1870 1877
1917 1923
2022 2027
2117 2123
2166 2173
2266 2269
2332 2339
2355 2363
2424 2432
2490 2491
2528 2531
2611 2616
2660 2663
2752 2754
2830 2833
2875 2881
2958 2961
3033 3038
3087 3091
3160 3164
3213 3215
3298 3301
3324 3328
3354 3356
3406 3416
3441 3447
3475 3478
3507 3510
3525 3533
3603 3610
3634 3636
3689 3697
3770 3779
3786 3788
3818 3823
3892 3895
3931 3939
3993 3996
4078 4082
4107 4110
4175 4180
4261 4268
4346 4350
4385 4393
4420 4424
4460 4463
4525 4531
4620 4622
4698 4705
4764 4768
4833 4838
4932 4938
4990 4997
5040 5043
5143 5150
5172 5176
5213 5218
5279 5286
5326 5332
5372 5376
5472 5479
5572 5577
5662 5669
5715 5717
5728 5734
5790 5793
5803 5808
5814 5822
5874 5879
5954 5959
6007 6011
6076 6079
6168 6178
6231 6235
6322 6325
6400 6403
6432 6438
6502 6508
6542 6551
6583 6591
6603 6606
6671 6673
6738 6742
6791 6795
6831 6834
6903 6909
6912 6915
6983 6988
7056 7062
7118 7125
7177 7178
7198 7203
7220 7223
7267 7274
7340 7342
7374 7380
7404 7412
7504 7509
7572 7577
7663 7668
7721 7728
7758 7762
7775 7779
7870 7876
7931 7934
7992 7995
8077 8080
8112 8118
8140 8144
8174 8178
8231 8235
8253 8258
8359 8362
8367 8370
8424 8427
8432 8439
8454 8457
8485 8491
8546 8548
8580 8587
8591 8596
8654 8660
8750 8755
8847 8850
8911 8917
8980 8985
9072 9076
9110 9117
9189 9194
9227 9234
9305 9308
9364 9367
9372 9377
9469 9472
9515 9525
9556 9560
9583 9590
9648 9653
9734 9740
9787 9790
9847 9856
9926 9929
9978 9983
10081 10090
10191 10196
10206 10215
10259 10267
10279 10285
10332 10343
10419 10422
10460 10465
10558 10566
10631 10638
10690 10693
10740 10744
10770 10772
10783 10790
10809 10815
10904 10909
10923 10926
10973 10978
11075 11082
11136 11138
11156 11159
11198 11203
11278 11284
11319 11321
11398 11407
11465 11471
11524 11527
11614 11617
11711 11719
11755 11762
11786 11796
11804 11811
11909 11912
11952 11958
12006 12012
12018 12023
12090 12092
12157 12160
12230 12238
12290 12294
12364 12369
12450 12457
12486 12493
12533 12541
12569 12574
12615 12625
12682 12690
12736 12739
12764 12772
12861 12864
12879 12887
12932 12941
12984 12987
13053 13056
13085 13091
13189 13196
13272 13278
13296 13302
13400 13405
13472 13476
13549 13553
13606 13616
13647 13653
13711 13717
13816 13821
13880 13883
13967 13972
14002 14012
14104 14109
14157 14160
14223 14228
14285 14288
14347 14351
14380 14386
14485 14488
14552 14555
14563 14569
14581 14585
14646 14649
14684 14688
14710 14715
14755 14761
14775 14783
14848 14852
14916 14924
14991 15001
15071 15075
15086 15092
15124 15128
15150 15153
15240 15243
15261 15264
15306 15309
15313 15316
15401 15407
15410 15418
15505 15508
15583 15586
15624 15631
15723 15730
15793 15796
15805 15810
15909 15914
15919 15922
16013 16018
16035 16039
16097 16104
16194 16201
16248 16253
16289 16298
16359 16368
16422 16429
16518 16522
16550 16553
16597 16600
16648 16651
16747 16750
16844 16852
16917 16920
16989 16993
17046 17049
17079 17081
17138 17141
17238 17241
17276 17277
17374 17379
17389 17394
17465 17472
17519 17523
17557 17565
17589 17593
17601 17605
17661 17664
17758 17766
17786 17791
17841 17846
17895 17897
17963 17967
18052 18056
18123 18125
18166 18171
18238 18244
18253 18256
18295 18302
18361 18367
18464 18468
18535 18543
18574 18581
18637 18641
18671 18679
18760 18768
18832 18838
18903 18906
18937 18943
18957 18963
19044 19048
19135 19138
19226 19229
19244 19248
19337 19341
19397 19403
19415 19424
19516 19524
19540 19546
19631 19639
19719 19723
19787 19793
19800 19803
19868 19877
19909 19918
20004 20010
20053 20060
20088 20090
20176 20183
20221 20224
20308 20312
20343 20347
20421 20426
20502 20505
20528 20532
20633 20637
20733 20743
20809 20812
20883 20891
20992 20999
21096 21099
21140 21146
21171 21175
21225 21232
21234 21243
21294 21298
21337 21340
21392 21397
21418 21422
21467 21473
21546 21555
21563 21566
21612 21616
21632 21638
21701 21705
21780 21786
21884 21888
21961 21965
22030 22036
22081 22087
22108 22112
22162 22165
22217 22223
22278 22282
22330 22332
22361 22370
22461 22465
22502 22509
22517 22521
22568 22572
22633 22635
22720 22723
22762 22765
22791 22798
22861 22867
22964 22969
23052 23055
23144 23151
23205 23209
23303 23309
23357 23363
23426 23432
23499 23506
23531 23538
23557 23562
23567 23570
23599 23602
23689 23694
23755 23757
23826 23834
23873 23876
23960 23963
24028 24032
24042 24045
24117 24124
24145 24154
24163 24166
24169 24178
24209 24215
24276 24284
24371 24380
24404 24407
24472 24475
24531 24540
24582 24587
24653 24659
24663 24669
24765 24771
24820 24828
24879 24881
24953 24960
25008 25012
25097 25100
25180 25186
25192 25198
25252 25253
25282 25287
25351 25353
25445 25453
25495 25503
25511 25518
25587 25599
25623 25625
25669 25674
25684 25691
25704 25709
25791 25795
25890 25894
25933 25942
26025 26033
26085 26093
26186 26194
26241 26245
26305 26309
26400 26406
26411 26420
26454 26466
26527 26533
26535 26536
26545 26550
26605 26610
26682 26687
26703 26708
26764 26775
26836 26844
26926 26935
26968 26972
26974 26978
27018 27024
27102 27110
27201 27204
27239 27248
27304 27311
27384 27386
27469 27477
27540 27547
27646 27655
27744 27747
27793 27796
27852 27857
27948 27955
27982 27989
28005 28009
28037 28039
28111 28116
28181 28188
28256 28261
28286 28289
28374 28378
28400 28407
28463 28468
28559 28567
28598 28607
28625 28627
28667 28672
28747 28750
28794 28795
28893 28898
28946 28954
29053 29063
29083 29089
29111 29117
29192 29198
29238 29241
29324 29326
29352 29356
29365 29372
29380 29383
29463 29468
29493 29500
29520 29525
29553 29562
29600 29605
29621 29631
29696 29702
29759 29763
29801 29804
29812 29819
29909 29917
29971 29973
30013 30022
30025 30030
30089 30094
30188 30190
30268 30277
30359 30365
30453 30459
30559 30568
30579 30587
30630 30637
30650 30659
30667 30675
30752 30754
30785 30790
30851 30856
30954 30959
31057 31059
31149 31154
31206 31209
31216 31219
31232 31234
31294 31297
31351 31355
31451 31453
31513 31518
31531 31536
31587 31591
31615 31619
31696 31700
31764 31768
31852 31861
31874 31879
31942 31947
31995 31996
32090 32095
32150 32152
32218 32220
32247 32253
32324 32327
32340 32346
32393 32399
32444 32448
32518 32526
32599 32605
32646 32649
32680 32687
32763 32768
32853 32862
32874 32878
32948 32959
33051 33054
33107 33113
33194 33197
33202 33205
33229 33233
33295 33298
33354 33358
33372 33378
33385 33390
33470 33473
33481 33483
33576 33579
33634 33639
33681 33684
33710 33712
33743 33751
33818 33821
33903 33905
33976 33984
34007 34011
34045 34051
34100 34104
34186 34190
34259 34264
34277 34284
34303 34309
34352 34359
34445 34448
34530 34536
34622 34626
34710 34714
34761 34767
34820 34825
34883 34888
34972 34981
35040 35044
35098 35107
35205 35215
35270 35276
35304 35310
35397 35405
35463 35466
35493 35496
35592 35595
35602 35605
35647 35650
35718 35725
35735 35741
35823 35826
35920 35926
35995 36004
36012 36016
36029 36033
36039 36046
36102 36107
36172 36177
36195 36199
36234 36242
36249 36251
36335 36339
36422 36425
36466 36471
36502 36505
36560 36565
36585 36589
36682 36687
36712 36716
36751 36753
36829 36832
36911 36915
36996 37001
37081 37084
37118 37124
37191 37196
37253 37258
37270 37276
37279 37288
37336 37346
37414 37417
37424 37431
37472 37481
37547 37550
37552 37555
37617 37620
37623 37626
37668 37677
37725 37737
37799 37801
37857 37860
37896 37899
37968 37977
38028 38031
38034 38038
38110 38113
38138 38142
38147 38150
38192 38195
38222 38230
38282 38287
38381 38387
38398 38405
38472 38482
38517 38520
38578 38584
38614 38621
38623 38628
38637 38646
38679 38680
38760 38765
38828 38837
38918 38921
38940 38943
39039 39044
39056 39058
39151 39152
39201 39206
39294 39298
39373 39377
39419 39421
39507 39508
39578 39582
39666 39671
39700 39703
39790 39793
39858 39859
39952 39955
40054 40057
40088 40092
40133 40136
40161 40166
40186 40197
40290 40296
40298 40303
40361 40364
40461 40468
40482 40485
40515 40520
40619 40624
40659 40665
40759 40761
40813 40820
40866 40870
40884 40885
40978 40983
41074 41082
41130 41139
41226 41227
41299 41306
41406 41417
41456 41459
41480 41484
41578 41585
41605 41612
41649 41655
41727 41729
41777 41779
41806 41808
41822 41826
41879 41888
41982 41984
42075 42078
42151 42154
42193 42196
42265 42268
42315 42321
42361 42364
42401 42405
42444 42448
42502 42511
42591 42598
42653 42658
42665 42674
42729 42736
42831 42835
42878 42881
42897 42902
42928 42931
42987 42992
43082 43086
43155 43161
43166 43170
43211 43218
43236 43243
43322 43326
43372 43380
43417 43418
43488 43488
43580 43587
43604 43609
43684 43687
43692 43699
43766 43766
43820 43822
43829 43835
43861 43865
43945 43950
43965 43968
44029 44031
44042 44045
44102 44110
44211 44214
44254 44260
44283 44287
44292 44296
44341 44347
44373 44382
44473 44475
44570 44574
44675 44679
44718 44722
44782 44785
44830 44830
44853 44861
44939 44939
45030 45034
45057 45062
45150 45156
45192 45200
45245 45246
45285 45289
45381 45385
45425 45436
45530 45536
45546 45556
45609 45615
45619 45622
45682 45689
45778 45786
45858 45861
45867 45870
45912 45914
45967 45973
46071 46075
46091 46093
46116 46119
46189 46193
46290 46295
46303 46308
46336 46337
46401 46411
46442 46445
46515 46525
46590 46596
46682 46686
46767 46773
46831 46837
46875 46880
46935 46940
46949 46952
47023 47028
47091 47098
47188 47197
47291 47293
47356 47361
47454 47457
47552 47556
47619 47624
47706 47709
47780 47783
47786 47789
47859 47866
47908 47909
47988 47994
48034 48040
48116 48119
48146 48150
48156 48161
48205 48208
48232 48235
48336 48341
48422 48431
48517 48521
48573 48575
48577 48582
48602 48609
48638 48647
48730 48736
48837 48840
48915 48920
49012 49017
49092 49095
49179 49180
49269 49275
49348 49351
49393 49396
49464 49467
49518 49522
49597 49601
49679 49684
49767 49771
49836 49843
49894 49900
49922 49927
50000 50008
50102 50107
50115 50121
50129 50135
50160 50163
50241 50245
50331 50333
50405 50408
50448 50453
50550 50560
50600 50607
50616 50621
50705 50708
50738 50747
50777 50781
50821 50823
50882 50887
50889 50900
50931 50938
50952 50957
50988 50997
51010 51016
51038 51049
51064 51067
51088 51095
51164 51167
51244 51247
51291 51299
51302 51308
51357 51360
51423 51428
51448 51450
51525 51530
51605 51611
51693 51701
51773 51775
51864 51868
51879 51882
51935 51938
52025 52032
52115 52119
52200 52204
52273 52277
52320 52322
52395 52399
52484 52488
52526 52528
52541 52544
52563 52572
52626 52628
52650 52654
52752 52757
52834 52837
52937 52939
52976 52979
52995 53001
53016 53019
53033 53035
53053 53056
53073 53076
53123 53129
53133 53135
53185 53189
53209 53212
53290 53294
53370 53374
53418 53420
53451 53458
53502 53510
53598 53602
53692 53697
53792 53799
53821 53826
53890 53892
53899 53904
53939 53946
53976 53981
54036 54038
54129 54132
54175 54178
54204 54210
54275 54278
54325 54328
54412 54420
54435 54437
54518 54521
54617 54620
54721 54724
54757 54760
54798 54801
54817 54823
54856 54861
54939 54943
55025 55028
55111 55121
55196 55200
55234 55238
55289 55294
55328 55334
55357 55365
55392 55396
55414 55419
55488 55494
55594 55597
55680 55684
55774 55777
55825 55833
55913 55919
55945 55948
56020 56024
56102 56109
56170 56175
56218 56229
56242 56250
56318 56325
56421 56424
56462 56465
56534 56542
56545 56549
56614 56618
56646 56652
56740 56743
56784 56787
56820 56823
56867 56875
56903 56909
56996 57000
57023 57032
57039 57043
57134 57137
57139 57142
57175 57178
57236 57243
57316 57321
57370 57374
57400 57403
57476 57481
57571 57575
57653 57661
57751 57754
57799 57804
57865 57868
57880 57882
57903 57906
57913 57916
57942 57945
57992 57996
58057 58061
58079 58082
58154 58158
58212 58218
58317 58323
58392 58399
58409 58417
58515 58522
58554 58556
58583 58588
58685 58694
58786 58789
58794 58797
58833 58838
58901 58904
58990 58990
59016 59016
59030 59033
59083 59089
59091 59092
59123 59128
59180 59189
59232 59235
59307 59316
59356 59358
59444 59448
59500 59503
59580 59582
59599 59604
59621 59625
59664 59667
59727 59729
59778 59787
59861 59866
59927 59936
60000 60007
60030 60034
60049 60053
60083 60086
60182 60188
60193 60195
60279 60283
60348 60352
60403 60406
60424 60426
60504 60512
60524 60526
60545 60549
60590 60592
60650 60658
60737 60739
60808 60811
60853 60859
60905 60910
60943 60949
61032 61037
61119 61128
61190 61195
61287 61290
61376 61378
61448 61452
61549 61555
61596 61602
61606 61608
61664 61668
61761 61764
61858 61864
61877 61882
61916 61925
62002 62009
62105 62112
62130 62137
62215 62219
62244 62250
62325 62327
62373 62381
62470 62474
62537 62539
62634 62641
62698 62703
62758 62764
62790 62793
62795 62801
62831 62837
62906 62909
62984 62987
63088 63091
63136 63140
63206 63208
63294 63301
63359 63361
63391 63394
63488 63491
63556 63559
63647 63653
63696 63698
63795 63800
63823 63830
63887 63891
63967 63978
64021 64026
64041 64052
64079 64084
64125 64128
64184 64187
64191 64195
64291 64293
64368 64371
64383 64389
64473 64476
64502 64511
64550 64554
64591 64596
64687 64690
64730 64733
64807 64807
64843 64846
64863 64869
64914 64919
64934 64936
65004 65007
65040 65044
65068 65075
65077 65082
65174 65178
65215 65229
65314 65323
65351 65361
65438 65443
65515 65522
65622 65626
65671 65683
65690 65694
65701 65704
65779 65782
65786 65791
65844 65848
65851 65856
65919 65922
66015 66019
66111 66115
66130 66139
66188 66191
66279 66283
66362 66363
66367 66372
66414 66417
66457 66462
66485 66495
66591 66595
66616 66621
66713 66719
66745 66750
66777 66783
66821 66827
66879 66885
66968 66972
66985 66987
67084 67088
67116 67119
67206 67208
67247 67253
67259 67265
67340 67343
67357 67359
67392 67395
67492 67497
67522 67528
67555 67560
67578 67581
67628 67635
67671 67680
67682 67691
67711 67716
67744 67746
67822 67826
67894 67899
67957 67961
67980 67986
68031 68034
68129 68138
68218 68221
68228 68231
68288 68291
68370 68376
68416 68424
68510 68515
68546 68550
68578 68581
68588 68594
68621 68624
68704 68707
68731 68734
68798 68801
68878 68883
68977 68980
69053 69056
69132 69138
69211 69218
69249 69252
69291 69294
69326 69328
69428 69433
69453 69459
69539 69552
69570 69578
69672 69674
69749 69751
69812 69821
69897 69903
69936 69941
70035 70037
70132 70134
70199 70209
70299 70307
70330 70336
70382 70385
70470 70473
70574 70577
70589 70592
70662 70668
70694 70698
70716 70720
70789 70796
70832 70839
70853 70856
70889 70892
70925 70931
70983 70986
71002 71007
71028 71030
71049 71054
71072 71077
71167 71170
71186 71189
71260 71265
71319 71325
71426 71433
71438 71441
71507 71515
71523 71526
71576 71582
71599 71603
71650 71657
71671 71673
71680 71681
71687 71694
71775 71778
71802 71806
71868 71871
71910 71913
71963 71965
72020 72023
72027 72030
72062 72065
72074 72074
72123 72127
72145 72145
72245 72249
72307 72310
72321 72325
72361 72364
72376 72380
72421 72422
72440 72447
72501 72504
72600 72605
72655 72658
72744 72749
72800 72803
72875 72878
72979 72982
73064 73067
73080 73088
73126 73129
73171 73174
73239 73244
73294 73302
73375 73381
73462 73465
73566 73572
73663 73666
73709 73713
73738 73742
73787 73793
73801 73804
73868 73874
73927 73931
73984 73990
74049 74056
74147 74153
74162 74167
74235 74238
74332 74337
74386 74391
74453 74455
74474 74479
74532 74544
74578 74587
74651 74661
74673 74681
74776 74780
74814 74818
74852 74855
74920 74922
74927 74930
75028 75033
75036 75044
75079 75085
75163 75167
75268 75271
75274 75277
75319 75321
75349 75351
75413 75417
75439 75442
75540 75543
75567 75571
75587 75593
75595 75597
75618 75621
75669 75673
75703 75707
75772 75780
75821 75827
75910 75915
75966 75969
76052 76055
76117 76124
76134 76137
76153 76159
76246 76253
76289 76293
76298 76301
76322 76329
76398 76401
76493 76495
76567 76570
76599 76602
76628 76631
76721 76726
76790 76796
76824 76831
76918 76920
76925 76930
77010 77014
77096 77099
77183 77188
77286 77293
77362 77369
77429 77433
77524 77530
77537 77542
77606 77610
77629 77637
77643 77647
77735 77741
77842 77845
77919 77921
78009 78014
78045 78052
78140 78143
78230 78234
78288 78293
78354 78363
78427 78433
78479 78481
78515 78521
78568 78571
78656 78662
78751 78758
78761 78764
78781 78786
78859 78865
78959 78965
79056 79059
79113 79120
79181 79190
79226 79232
79317 79317
79324 79328
79398 79399
79439 79444
79477 79484
79501 79507
79593 79596
79672 79678
79731 79734
79823 79827
79925 79933
79946 79955
80001 80004
80076 80079
80088 80091
80155 80161
80185 80188
80202 80207
80293 80301
80353 80355
80455 80460
80512 80519
80569 80574
80619 80623
80723 80728
80734 80740
80800 80805
80862 80865
80955 80958
81057 81061
81123 81125
81196 81202
81292 81296
81305 81305
81402 81407
81471 81477
81479 81480
81488 81495
81529 81542
81636 81643
81737 81741
81810 81812
81859 81864
81896 81898
81937 81946
81993 81996
82075 82077
82169 82172
82182 82185
82277 82286
82288 82290
82295 82301
82333 82338
82403 82405
82431 82435
82516 82521
82578 82584
82636 82647
82713 82721
82760 82768
82810 82814
82842 82846
82933 82935
82965 82968
83025 83030
83126 83134
83142 83151
83217 83222
83309 83316
83414 83418
83467 83471
83512 83515
83594 83603
83682 83685
83691 83692
83754 83760
83839 83846
83936 83940
83992 84000
84012 84018
84102 84108
84168 84173
84259 84266
84319 84323
84379 84388
84478 84484
84492 84495
84521 84526
84572 84575
84667 84670
84767 84773
84870 84873
84908 84908
84978 84983
85019 85023
85056 85062
85116 85119
85195 85199
85249 85250
85303 85309
85355 85359
85373 85376
85435 85438
85473 85476
85482 85489
85545 85551
85636 85638
85735 85738
85768 85770
85856 85859
85935 85938
86016 86017
86043 86050
86065 86067
86097 86100
86175 86182
86212 86216
86245 86247
86316 86319
86361 86372
86416 86419
86518 86525
86530 86534
86635 86642
86656 86660
86667 86670
86693 86695
86746 86749
86778 86783
86812 86814
86859 86865
86956 86961
87045 87054
87138 87147
87205 87210
87227 87229
87260 87265
87362 87370
87398 87409
87502 87509
87594 87597
87651 87654
87678 87686
87747 87754
87822 87824
87899 87902
87957 87960
87984 87987
88059 88066
88106 88108
88191 88200
88209 88213
88252 88256
88353 88357
88383 88387
88433 88437
88482 88487
88564 88568
88587 88593
88653 88661
88728 88736
88781 88784
88847 88854
88882 88886
88891 88895
88975 88978
89053 89059
89071 89077
89148 89156
89253 89258
89320 89330
89393 89400
89485 89493
89594 89597
89638 89644
89660 89663
89691 89696
89708 89711
89731 89736
89810 89813
89823 89828
89834 89839
89903 89913
89995 89998
90038 90041
90110 90121
90220 90225
90275 90278
90337 90341
90359 90363
90414 90417
90511 90513
90604 90612
90668 90674
90701 90710
90775 90778
90811 90815
90886 90892
90916 90919
90938 90941
90949 90950
91024 91027
91034 91039
91120 91127
91206 91214
91263 91266
91302 91304
91315 91319
91374 91377
91447 91449
91519 91524
91590 91593
91597 91603
91647 91651
91714 91718
91770 91776
91874 91876
91945 91948
91990 91995
92094 92097
92184 92188
92215 92218
92262 92269
92313 92316
92408 92409
92420 92426
92439 92449
92484 92485
92548 92553
92582 92592
92667 92670
92727 92733
92765 92773
92793 92797
92896 92905
92961 92964
93047 93053
93126 93129
93138 93142
93218 93227
93311 93314
93333 93335
93400 93406
93493 93502
93507 93511
93570 93575
93648 93654
93699 93701
93794 93797
93829 93831
93848 93854
93933 93939
93998 94002
94084 94087
94140 94143
94175 94178
94276 94279
94283 94285
94289 94291
94335 94340
94434 94437
94501 94503
94562 94565
94569 94572
94633 94636
94680 94689
94746 94754
94843 94845
94885 94886
94952 94957
95045 95047
95148 95151
95243 95251
95340 95344
95442 95446
95459 95462
95516 95521
95608 95611
95697 95704
95709 95716
95807 95817
95852 95857
95936 95939
96032 96037
96041 96049
96071 96076
96162 96171
96212 96214
96230 96239
96330 96333
96428 96434
96449 96452
96542 96545
96626 96631
96645 96654
96717 96724
96823 96824
96844 96849
96936 96939
97005 97009
97068 97071
97136 97147
97161 97164
97218 97225
97259 97268
97310 97313
97332 97341
97380 97385
97483 97486
97506 97512
97611 97616
97691 97694
97743 97749
97835 97839
97895 97903
97908 97910
97981 97982
98015 98018
98025 98030
98094 98100
98124 98129
98228 98232
98279 98287
98296 98300
98319 98321
98375 98381
98435 98441
98489 98492
98538 98544
98578 98584
98601 98605
98663 98665
98711 98714
98747 98750
98779 98785
98861 98868
98880 98882
98924 98929
98979 98982
99002 99015
99073 99076
99151 99156
99238 99241
99300 99304
99335 99341
99344 99349
99356 99359
99385 99393
99476 99484
99569 99576
99614 99623
99676 99686
99765 99770
99781 99787
99796 99801
99849 99851
99908 99911
99982 99989
100004 100006
100104 100110
100113 100117
100172 100179
100220 100227
100245 100250
100280 100286
100384 100386
100465 100468
100532 100535
100635 100640
100662 100666
100751 100754
100795 100799
100844 100848
100879 100882
100925 100930
100934 100936
101016 101019
101073 101079
101092 101097
101101 101108
101191 101198
101230 101234
101267 101272
101280 101283
101327 101335
101416 101422
101484 101490
101506 101511
101556 101564
101583 101587
101648 101651
101678 101685
101700 101702
101735 101738
101836 101839
101919 101923
101925 101929
102030 102031
102100 102105
102160 102169
102177 102184
102186 102190
102210 102214
102240 102246
102327 102333
102393 102402
102450 102455
102518 102522
102575 102577
102631 102633
102680 102683
102779 102781
102827 102833
102885 102889
102932 102936
103035 103040
103064 103070
103078 103083
103155 103158
103232 103238
103274 103276
103308 103310
103392 103400
103434 103439
103526 103531
103604 103609
103695 103704
103759 103765
103862 103866
103903 103908
103994 104000
104077 104083
104184 104187
104189 104196
104219 104226
104282 104285
104375 104377
104437 104446
104466 104470
104531 104533
104595 104600
104610 104616
104689 104693
104774 104780
104865 104870
104898 104902
104936 104939
104988 104994
105046 105049
105099 105103
105172 105178
105196 105201
105293 105300
105353 105357
105379 105384
105421 105427
105501 105503
105559 105566
105664 105668
105724 105730
105784 105786
105863 105868
105914 105920
105968 105973
106056 106058
106064 106066
106166 106170
106225 106232
106256 106259
106311 106317
106357 106363
106382 106385
106426 106430
106502 106507
106524 106528
106582 106587
106589 106593
106666 106670
106672 106676
106701 106708
106777 106779
106850 106857
106899 106906
107004 107005
107099 107105
107173 107183
107205 107213
107269 107272
107340 107343
107405 107409
107458 107459
107495 107500
107532 107541
107577 107584
107661 107669
107696 107703
107749 107758
107826 107833
107892 107898
107972 107978
108016 108023
108043 108047
108078 108081
108098 108103
108189 108197
108254 108259
108334 108340
108344 108347
108366 108369
108449 108455
108528 108531
108572 108577
108610 108610
108668 108671
108721 108730
108759 108764
108820 108823
108901 108902
108924 108930
109005 109012
109093 109095
109132 109137
109219 109222
109282 109287
109345 109348
109380 109384
109474 109477
109560 109566
109619 109622
109656 109659
109758 109762
109824 109831
109930 109931
109968 109972
110049 110051
110090 110093
110126 110134
110142 110152
110235 110243
110276 110279
110339 110344
110434 110438
110493 110498
110511 110514
110582 110591
110663 110671
110766 110772
110864 110870
110903 110907
110992 110996
111061 111068
111102 111108
111186 111190
111248 111250
111334 111338
111347 111353
111428 111433
111495 111498
111575 111581
111604 111607
111631 111632
111668 111673
111725 111731
111791 111799
111803 111808
111909 111915
111988 111990
112091 112092
112155 112160
112217 112220
112278 112279
112322 112327
112331 112335
112367 112373
112424 112429
112514 112517
112530 112536
112556 112560
112565 112570
112628 112636
112682 112683
112712 112718
112766 112771
112860 112864
112877 112882
112919 112922
113003 113013
113049 113052
113146 113151
113214 113217
113297 113299
113362 113368
113428 113436
113483 113489
113524 113527
113565 113567
113625 113628
113704 113709
113743 113745
113810 113813
113914 113917
113987 113990
114036 114042
114112 114116
114203 114210
114257 114260
114263 114265
114351 114354
114423 114428
114508 114511
114587 114589
114627 114632
114657 114662
114752 114755
114786 114789
114830 114840
114860 114862
114865 114868
114911 114916
114928 114938
114993 114995
115091 115094
115138 115143
115169 115175
115190 115192
115270 115273
115329 115331
115360 115364
115411 115417
115419 115423
115456 115463
115560 115565
115629 115635
115711 115713
115764 115767
115775 115786
115840 115845
115902 115905
115934 115941
116005 116011
116040 116047
116116 116119
116131 116135
116182 116184
116220 116224
116313 116316
116330 116334
116341 116344
116367 116367
116375 116378
116437 116442
116512 116519
116577 116581
116605 116609
116611 116613
116681 116686
116690 116694
116743 116746
116832 116836
116926 116927
116997 117004
117103 117109
117203 117207
117239 117242
117285 117290
117375 117382
117410 117414
117499 117503
117514 117518
117554 117556
117626 117630
117712 117715
117808 117811
117849 117858
117885 117890
117901 117905
117971 117978
118023 118026
118050 118058
118112 118118
118201 118207
118230 118232
118236 118242
118286 118288
118352 118355
118394 118396
118456 118459
118497 118504
118506 118512
118531 118539
118597 118605
118675 118682
118731 118733
118745 118748
118849 118852
118943 118948
119040 119043
119108 119113
119179 119183
119223 119226
119311 119313
119320 119323
119375 119379
119401 119407
119473 119477
119496 119498
119592 119595
119666 119668
119720 119724
119753 119756
119777 119778
119787 119792
119861 119864
119894 119901
119948 119953
119989 119997
120074 120082
120180 120183
120208 120212
120286 120295
120301 120302
120386 120392
120487 120490
120513 120516
120573 120578
120651 120653
120729 120732
120742 120747
120819 120822
120856 120864
120947 120954
120959 120963
121046 121055
121082 121088
121168 121172
121248 121254
121270 121272
121367 121372
121449 121453
121507 121508
121605 121612
121677 121683
121765 121768
121868 121873
121926 121928
122028 122029
122059 122061
122136 122139
122236 122244
122269 122276
122282 122287
122383 122388
122395 122398
122426 122432
122476 122479
122530 122534
122588 122595
122660 122663
122731 122738
122748 122751
122768 122773
122798 122804
122842 122851
122882 122888
122942 122948
122976 122979
123007 123011
123109 123114
123209 123217
123258 123267
123284 123290
123381 123385
123394 123398
123435 123436
123501 123502
123533 123538
123583 123589
123641 123649
123724 123730
123821 123827
123832 123836
123870 123874
123954 123959
124019 124027
124053 124060
124145 124148
124223 124231
124298 124305
124380 124386
124394 124398
124463 124465
124560 124565
124656 124659
124703 124705
124777 124783
124791 124796
124848 124853
124869 124873
124965 124971
125018 125021
125028 125040
125103 125114
125120 125126
125188 125196
125240 125245
125298 125300
125342 125345
125392 125397
125498 125500
125590 125593
125686 125691
125774 125777
125796 125802
125899 125901
125947 125949
126013 126017
126060 126067
126082 126084
126105 126110
126190 126198
126214 126218
126248 126256
126341 126344
126347 126349
126375 126378
126434 126438
126455 126458
126529 126532
126587 126589
126656 126662
126709 126720
126798 126803
126891 126896
126905 126912
126939 126948
127005 127010
127105 127110
127126 127131
127228 127235
127254 127258
127335 127342
127361 127368
127440 127450
127461 127464
127521 127532
127628 127632
127680 127683
127725 127730
127762 127768
127848 127856
127948 127957
128055 128056
128072 128077
128140 128143
128184 128191
128249 128254
128280 128285
128364 128367
128399 128404
128451 128460
128545 128553
128566 128572
128673 128677
128691 128694
128788 128795
128851 128852
128872 128877
128927 128933
128950 128953
129042 129048
129091 129100
129197 129201
129212 129218
129306 129307
129393 129400
129471 129474
129494 129497
129559 129565
129587 129591
129687 129696
129699 129701
129771 129773
129840 129844
129896 129899
129927 129936
129964 129968
130057 130062
130116 130120
130123 130127
130152 130157
130249 130253
130283 130288
130384 130387
130433 130439
130482 130486
130560 130566
130646 130650
130690 130691
130702 130708
130741 130745
130807 130813
130893 130904
130984 130991
131027 131031
131067 131072
131119 131124
131143 131150
131157 131165
131187 131191
131261 131265
131355 131356
131443 131445
131480 131483
131553 131557
131607 131612
131657 131664
131714 131716
131740 131746
131843 131848
131878 131881
131956 131961
132014 132017
132041 132045
132114 132121
132217 132220
132303 132312
132413 132424
132522 132526
132581 132588
132665 132673
132695 132706
132731 132735
132789 132795
132818 132825
132837 132841
132927 132933
133007 133010
133054 133057
133099 133105
133178 133188
133261 133266
133286 133292
133333 133336
133392 133404
133438 133440
133495 133498
133514 133518
133564 133566
133653 133655
133747 133750
133790 133795
133880 133882
133886 133889
133983 133987
134015 134021
134029 134032
134042 134047
134139 134143
134243 134245
134256 134262
134333 134337
134349 134352
134381 134387
134422 134427
134430 134435
134529 134531
134572 134577
134667 134670
134741 134743
134831 134836
134873 134881
134934 134942
135043 135046
135081 135087
135160 135162
135213 135216
135253 135256
135265 135270
135320 135323
135327 135334
135384 135391
135400 135402
135440 135442
135517 135520
135569 135579
135646 135655
135731 135733
135741 135746
135817 135819
135914 135917
135950 135957
136058 136063
136129 136132
136167 136169
136261 136267
136286 136294
136325 136329
136396 136398
136426 136429
136447 136449
136472 136476
136487 136490
136563 136569
136663 136668
136755 136763
136825 136828
136911 136915
136924 136926
137005 137009
137037 137039
137070 137073
137123 137126
137135 137141
137198 137201
137238 137245
137340 137344
137429 137433
137525 137534
137611 137617
137660 137664
137739 137741
137781 137784
137856 137864
137955 137961
138010 138013
138041 138044
138077 138080
138107 138110
138136 138140
138156 138158
138172 138175
138274 138276
138326 138330
138340 138349
138448 138453
138457 138463
138507 138512
138525 138533
138623 138627
138718 138722
138786 138791
138848 138854
138881 138885
138908 138916
138959 138968
139039 139046
139107 139112
139205 139208
139277 139284
139362 139364
139371 139376
139455 139461
139554 139557
139610 139618
139666 139671
139761 139767
139826 139831
139918 139921
139955 139963
140051 140054
140080 140090
140118 140121
140200 140206
140286 140290
140386 140394
140408 140416
140442 140448
140496 140498
140561 140566
140651 140661
140718 140724
140791 140797
140871 140874
140963 140967
141019 141022
141038 141043
141113 141118
141184 141190
141224 141229
141308 141311
141394 141398
141462 141465
141524 141527
141621 141623
141700 141707
141803 141814
141836 141843
141858 141863
141906 141917
141945 141950
142042 142045
142124 142135
142157 142161
142177 142184
142222 142226
142318 142322
142327 142336
142398 142400
142431 142436
142449 142455
142538 142544
142574 142579
142645 142649
142682 142694
142769 142773
142842 142845
142880 142883
142944 142946
143011 143020
143032 143035
143107 143110
143135 143140
143169 143176
143188 143195
143225 143228
143294 143296
143314 143319
143404 143414
143420 143423
143484 143488
143570 143574
143629 143634
143732 143741
143803 143813
143913 143916
143962 143967
143971 143977
143992 143994
144013 144018
144115 144117
144125 144129
144143 144150
144240 144243
144306 144309
144341 144343
144409 144412
144496 144503
144548 144555
144639 144647
144655 144662
144741 144745
144827 144831
144848 144853
144917 144920
144987 144991
145090 145094
145136 145139
145206 145216
145254 145260
145341 145343
145405 145410
145443 145448
145480 145484
145515 145523
145561 145567
145653 145655
145712 145717
145742 145747
145806 145808
145836 145839
145927 145930
145952 145958
145991 145997
146082 146087
146135 146142
146167 146170
146172 146175
146266 146272
146302 146308
146402 146410
146484 146488
146541 146547
146615 146618
146661 146664
146708 146711
146724 146727
146739 146744
146835 146839
146850 146852
146925 146930
146932 146938
147025 147033
147126 147133
147221 147227
147290 147292
147387 147393
147467 147473
147544 147548
147611 147618
147669 147673
147765 147769
147771 147774
147780 147786
147876 147883
147936 147942
148006 148013
148068 148075
148165 148169
148184 148188
148246 148252
148286 148295
148377 148384
148401 148409
148491 148493
148552 148554
148607 148613
148683 148687
148775 148779
148843 148854
148872 148877
148896 148901
148994 149004
149036 149038
149092 149098
149136 149137
149196 149201
149209 149214
149217 149220
149318 149324
149414 149420
149436 149445
149505 149511
149526 149529
149593 149597
149663 149666
149697 149700
149759 149760
149853 149858
149912 149918
149962 149966
150023 150026
150077 150082
150143 150150
150232 150235
150306 150311
150365 150372
150391 150397
150498 150503
150580 150585
150607 150616
150707 150713
150740 150743
150844 150847
150886 150888
150971 150973
150987 150990
151071 151076
151148 151150
151244 151250
151262 151266
151278 151283
151343 151349
151384 151394
151481 151484
151543 151548
151565 151569
151608 151612
151649 151655
151716 151718
151816 151828
151846 151854
151914 151918
151964 151970
152048 152052
152089 152094
152110 152116
152161 152165
152221 152222
152311 152314
152398 152401
152431 152433
152482 152487
152554 152555
152569 152573
152628 152633
152664 152670
152710 152710
152792 152796
152846 152849
152853 152859
152864 152868
152949 152949
152959 152963
153062 153065
153081 153086
153185 153189
153202 153212
153231 153232
153249 153252
153281 153285
153366 153372
153413 153418
153463 153473
153512 153514
153566 153568
153650 153652
153715 153721
153749 153752
153849 153852
153869 153871
153970 153976
154065 154068
154156 154159
154238 154245
154318 154320
154383 154386
154448 154452
154506 154509
154571 154579
154597 154606
154692 154696
154796 154802
154809 154813
154890 154898
154946 154952
154977 154981
155064 155073
155087 155090
155191 155199
155229 155232
155309 155313
155338 155346
155421 155426
155503 155505
155563 155565
155657 155667
155760 155764
155770 155778
155865 155867
155938 155941
155976 155984
156054 156060
156068 156072
156116 156119
156138 156143
156238 156244
156291 156299
156381 156385
156483 156491
156504 156512
156534 156537
156543 156546
156607 156609
156619 156622
156681 156686
156736 156738
156828 156831
156910 156913
156917 156922
156969 156974
157017 157021
157032 157034
157108 157111
157133 157136
157151 157155
157186 157188
157261 157264
157346 157349
157443 157447
157485 157491
157516 157525
157623 157627
157682 157685
157768 157776
157857 157863
157870 157874
157975 157979
158002 158004
158035 158039
158134 158137
158153 158157
158248 158252
158324 158333
158411 158416
158507 158510
158558 158564
158635 158637
158731 158734
158792 158797
158874 158881
158907 158913
158965 158968
158999 159001
159087 159096
159182 159189
159260 159263
159350 159353
159398 159406
159449 159456
159534 159538
159540 159546
159602 159613
159615 159619
159668 159672
159750 159752
159839 159846
159861 159865
159884 159891
159963 159967
159997 160005
160103 160107
160191 160197
160286 160289
160338 160340
160414 160419
160516 160523
160556 160560
160597 160599
160616 160619
160621 160626
160688 160690
160713 160717
160791 160796
160861 160867
160913 160915
160985 160990
161077 161083
161091 161094
161172 161180
161213 161217
161298 161301
161393 161400
161492 161495
161551 161558
161611 161613
161645 161649
161700 161702
161777 161779
161837 161842
161900 161905
161919 161922
161947 161949
162046 162049
162117 162121
162173 162177
162273 162277
162313 162314
162363 162368
162451 162453
162485 162487
162497 162502
162560 162565
162569 162573
162581 162587
162597 162600
162639 162640
162696 162701
162704 162706
162709 162714
162814 162820
162823 162825
162879 162884
162911 162917
162950 162953
162982 162986
163068 163073
163108 163112
163129 163138
163146 163150
163224 163229
163252 163258
163348 163356
163412 163414
163422 163426
163460 163462
163527 163530
163588 163593
163611 163619
163665 163670
163678 163683
163756 163761
163849 163851
163895 163902
163956 163958
164016 164024
164085 164091
164155 164158
164179 164181
164200 164204
164285 164293
164365 164371
164411 164415
164436 164440
164448 164456
164556 164559
164586 164592
164652 164657
164744 164748
164847 164855
164934 164936
164992 164999
165087 165090
165155 165161
165204 165212
165304 165313
165331 165337
165344 165349
165400 165405
165485 165488
165535 165537
165571 165576
165637 165643
165721 165723
165805 165812
165892 165895
165914 165917
165938 165944
166016 166023
166026 166029
166059 166065
166141 166150
166168 166175
166233 166235
166257 166261
166286 166290
166331 166342
166371 166377
166391 166394
166400 166404
166419 166425
166446 166453
166526 166529
166532 166536
166631 166634
166701 166706
166757 166763
166784 166790
166879 166883
166917 166921
166958 166961
167026 167029
167071 167074
167153 167156
167162 167168
167175 167180
167227 167237
167270 167273
167297 167300
167383 167386
167487 167489
167494 167496
167581 167584
167587 167590
167611 167614
167674 167683
167731 167735
167764 167766
167843 167846
167902 167905
167998 168005
168019 168023
168094 168096
168149 168156
168208 168213
168227 168230
168234 168236
168255 168259
168277 168280
168321 168325
168396 168401
168467 168471
168478 168481
168533 168537
168624 168633
168722 168731
168782 168785
168881 168886
168906 168915
168993 168998
169036 169039
169113 169118
169168 169173
169207 169210
169273 169281
169288 169291
169331 169337
169395 169397
169402 169409
169471 169474
169502 169506
169532 169540
169611 169613
169639 169648
169739 169742
169745 169751
169765 169771
169840 169846
169879 169885
169978 169980
170067 170074
170173 170176
170193 170196
170296 170306
170347 170356
170415 170418
170442 170445
170532 170539
170637 170643
170716 170724
170809 170812
170858 170864
170934 170936
170985 170987
171051 171054
171079 171086
171139 171140
171158 171163
171259 171261
171287 171290
171384 171390
171453 171461
171466 171474
171519 171522
171611 171613
171704 171709
171799 171804
171811 171814
171852 171855
171926 171934
171940 171944
171950 171957
171963 171966
172046 172048
172133 172135
172154 172159
172173 172178
172240 172243
172245 172247
172263 172270
172349 172352
172414 172416
172491 172501
172505 172509
172569 172573
172614 172617
172681 172683
172758 172768
172837 172841
172877 172880
172891 172896
172905 172910
172926 172930
172992 173002
173009 173009
173042 173045
173125 173129
173162 173164
173254 173258
173270 173276
173336 173342
173353 173355
173411 173416
173445 173447
173504 173513
173549 173558
173594 173599
173689 173692
173752 173756
173840 173842
173938 173942
173958 173961
174058 174067
174082 174087
174163 174169
174219 174221
174240 174247
174308 174311
174325 174327
174354 174356
174456 174458
174462 174467
174527 174527
174612 174619
174711 174720
174806 174809
174905 174910
174984 174987
175009 175012
175088 175093
175180 175183
175232 175237
175263 175266
175313 175320
175356 175359
175422 175427
175487 175489
175542 175545
175590 175592
175673 175678
175779 175784
175801 175803
175858 175864
175906 175914
175926 175937
176013 176015
176067 176071
176132 176141
176172 176178
176249 176253
176309 176316
176360 176363
176394 176396
176442 176445
176527 176529
176557 176559
176629 176632
176683 176689
176748 176751
176785 176787
176858 176863
176938 176944
176950 176953
177031 177034
177106 177110
177188 177191
177277 177283
177329 177331
177432 177440
177469 177478
177520 177522
177552 177558
177602 177608
177665 177670
177678 177685
177701 177703
177803 177808
177886 177889
177929 177936
177999 178002
178097 178102
178142 178146
178153 178155
178239 178241
178322 178330
178428 178434
178518 178520
178537 178539
178569 178572
178589 178594
178616 178620
178679 178685
178696 178704
178715 178716
178789 178792
178865 178874
178909 178915
178970 178975
179016 179019
179117 179120
179179 179187
179284 179288
179302 179311
179355 179358
179415 179418
179468 179471
179548 179552
179609 179616
179687 179689
179787 179792
179871 179872
179908 179915
179981 179991
180058 180061
180069 180077
180107 180112
180172 180175
180235 180240
180333 180336
180387 180388
180395 180400
180448 180449
180535 180540
180570 180575
180650 180655
180750 180756
180849 180852
180936 180942
181012 181016
181036 181044
181103 181110
181154 181160
181227 181228
181292 181297
181396 181401
181480 181481
181555 181561
181626 181632
181658 181663
181698 181704
181773 181775
181850 181854
181932 181935
181991 181995
182020 182025
182112 182118
182207 182214
182315 182319
182359 182364
182425 182429
182459 182462
182489 182498
182598 182601
182604 182607
182629 182630
182669 182674
182747 182751
182840 182846
182850 182853
182939 182942
183022 183024
183038 183040
183101 183105
183147 183150
183191 183198
183278 183280
183285 183292
183316 183318
183388 183391
183489 183495
183511 183516
183534 183538
183544 183547
183630 183633
183663 183668
183726 183728
183779 183783
183815 183819
183900 183903
183971 183973
184036 184042
184082 184085
184177 184186
184207 184208
184242 184249
184311 184311
184367 184370
184442 184446
184486 184489
184497 184503
184579 184586
184640 184641
184719 184726
184742 184747
184820 184825
184856 184859
184872 184876
184931 184937
184985 184996
185010 185012
185064 185069
185110 185119
185176 185179
185267 185269
185300 185305
185345 185348
185384 185390
185476 185480
185530 185533
185546 185549
185600 185603
185688 185692
185723 185728
185802 185806
185898 185902
185945 185949
186006 186014
186056 186059
186108 186112
186135 186138
186201 186204
186255 186262
186347 186353
186387 186391
186446 186448
186494 186496
186591 186598
186665 186670
186747 186749
186838 186849
186882 186883
186924 186933
186939 186945
187032 187041
187082 187087
187120 187121
187202 187208
187243 187251
187297 187300
187325 187333
187413 187415
187425 187431
187434 187437
187488 187490
187540 187542
187636 187644
187694 187699
187736 187744
187797 187801
187880 187882
187897 187900
187972 187977
188052 188059
188062 188066
188111 188114
188204 188209
188286 188288
188313 188321
188369 188371
188411 188417
188430 188438
188444 188449
188515 188521
188524 188529
188557 188559
188592 188594
188605 188610
188707 188710
188763 188766
188779 188788
188877 188882
188964 188973
189055 189059
189111 189115
189202 189208
189283 189286
189357 189364
189419 189422
189443 189450
189456 189464
189533 189537
189605 189610
189706 189711
189738 189740
189785 189790
189803 189808
189891 189896
189922 189924
189955 189956
189969 189972
189997 190005
190015 190018
190037 190042
190103 190112
190165 190168
190187 190197
190271 190278
190284 190287
190374 190382
190394 190398
190403 190407
190428 190433
190527 190533
190630 190633
190689 190695
190711 190720
190772 190779
190880 190889
190940 190946
191008 191013
191104 191108
191198 191205
191212 191220
191287 191290
191304 191311
191360 191363
191373 191377
191447 191453
191482 191488
191581 191586
191588 191591
191619 191622
191643 191646
191714 191720
191756 191759
191828 191830
191845 191847
191937 191944
191993 191995
192089 192096
192107 192109
192113 192116
192174 192180
192245 192248
192330 192337
192437 192444
192514 192518
192570 192578
192615 192617
192632 192635
192657 192662
192759 192765
192814 192820
192908 192910
192928 192934
193020 193023
193112 193116
193208 193211
193229 193235
193239 193242
193317 193321
193323 193332
193340 193345
193361 193364
193425 193432
193491 193495
193568 193570
193671 193674
193676 193678
193738 193741
193756 193759
193817 193825
193838 193841
193893 193902
193908 193917
193924 193933
193999 194005
194102 194109
194210 194216
194289 194295
194371 194377
194389 194391
194479 194486
194506 194510
194531 194539
194554 194556
194605 194608
194614 194620
194699 194708
194765 194769
194832 194837
194930 194938
195009 195018
195057 195066
195093 195096
195125 195130
195225 195228
195244 195252
195311 195313
195364 195369
195440 195449
195479 195482
195529 195533
195552 195557
195640 195647
195715 195719
195796 195801
195880 195882
195945 195951
196011 196022
196054 196060
196107 196109
196182 196186
196205 196212
196305 196310
196358 196361
196460 196465
196474 196476
196572 196578
196620 196625
196671 196675
196683 196687
196776 196780
196872 196875
196949 196952
197009 197011
197060 197066
197127 197131
197226 197228
197313 197318
197419 197426
197497 197500
197508 197518
197541 197551
197575 197577
197651 197656
197714 197716
197747 197754
197807 197812
197900 197908
197986 197991
197997 198001
198010 198012
198059 198067
198112 198121
198200 198201
198221 198226
198251 198258
198315 198324
198359 198360
198408 198413
198431 198435
198490 198492
198536 198542
198571 198576
198676 198683
198758 198761
198770 198772
198786 198789
198881 198884
198954 198963
199021 199027
199064 199065
199128 199133
199166 199170
199200 199206
199212 199222
199235 199237
199334 199340
199425 199433
199521 199522
199580 199587
199606 199611
199642 199645
199650 199653
199670 199674
199757 199760
199832 199837
199934 199937
199966 199974
200047 200050
200118 200125
200147 200149
200158 200162
200251 200255
200261 200265
200308 200319
200375 200381
200445 200449
200514 200520
200615 200623
200713 200719
200764 200766
200805 200812
200856 200859
200881 200886
200900 200905
200947 200950
200984 200991
201048 201050
201086 201092
201163 201171
201191 201199
201246 201258
201357 201360
201425 201428
201467 201471
201566 201572
201614 201619
201656 201659
201724 201728
201763 201769
201828 201830
201854 201862
201926 201928
201990 201998
202073 202076
202100 202106
202164 202168
202178 202181
202239 202245
202343 202346
202441 202447
202508 202517
202608 202615
202678 202681
202738 202741
202826 202831
202847 202854
202951 202953
202994 202996
203089 203095
203125 203127
203146 203150
203186 203189
203214 203215
203271 203276
203295 203301
203304 203307
203315 203321
203391 203395
203414 203417
203453 203456
203507 203512
203572 203579
203667 203668
203714 203719
203820 203825
203910 203913
204010 204012
204045 204051
204113 204117
204200 204202
204224 204233
204283 204290
204332 204335
204389 204391
204491 204496
204574 204584
204664 204669
204718 204727
204804 204808
204874 204878
204882 204886
204932 204943
204982 204986
205034 205043
205054 205059
205105 205111
205183 205187
205261 205265
205293 205299
205376 205382
205465 205468
205516 205520
205604 205608
205683 205687
205728 205737
205834 205838
205935 205940
205987 205989
206080 206085
206158 206159
206235 206241
206311 206317
206369 206372
206448 206457
206491 206495
206527 206528
206565 206571
206601 206603
206608 206610
206686 206691
206774 206779
206878 206881
206905 206907
206940 206952
206970 206976
207036 207038
207098 207101
207174 207181
207193 207201
207261 207265
207364 207371
207435 207439
207521 207526
207600 207601
207644 207651
207689 207693
207778 207787
207798 207801
207823 207828
207865 207874
207898 207900
207992 207995
208090 208099
208133 208136
208222 208227
208306 208311
208324 208332
208394 208405
208505 208509
208532 208540
208578 208586
208647 208650
208655 208660
208722 208728
208807 208813
208835 208838
208882 208886
208928 208932
208986 208993
208997 209001
209030 209038
209095 209102
209157 209161
209188 209191
209195 209197
209199 209203
209208 209218
209309 209312
209359 209364
209455 209461
209520 209526
209586 209590
209675 209680
209746 209749
209843 209845
209892 209896
209943 209945
210044 210048
210075 210077
210115 210119
210149 210153
210233 210235
210303 210313
210388 210392
210422 210423
210450 210455
210534 210538
210610 210611
210679 210681
210720 210723
210784 210789
210838 210844
210943 210948
211032 211036
211066 211069
211150 211152
211192 211195
211257 211260
211265 211270
211278 211280
211288 211291
211383 211393
211418 211423
211484 211489
211562 211565
211571 211577
211648 211652
211692 211700
211772 211777
211806 211811
211855 211860
211921 211931
212022 212029
212085 212089
212188 212191
212292 212297
212395 212397
212493 212499
212507 212513
212546 212552
212576 212580
212636 212641
212668 212674
212749 212751
212789 212792
212879 212884
212920 212923
213019 213021
213064 213066
213075 213080
213157 213163
213192 213198
213288 213290
213312 213317
213340 213343
213387 213390
213483 213484
213546 213551
213591 213597
213622 213626
213646 213653
213698 213698
213712 213716
213787 213789
213858 213867
213929 213932
213997 214002
214061 214071
214116 214119
214142 214144
214167 214170
214239 214243
214344 214348
214401 214402
214473 214478
214499 214507
214532 214539
214543 214545
214632 214637
214703 214707
214772 214779
214806 214808
214868 214873
214914 214918
214974 214977
215018 215020
215043 215050
215093 215104
215183 215187
215276 215285
215368 215371
215404 215407
215434 215436
215495 215497
215508 215511
215513 215519
215544 215548
215554 215563
215601 215606
215643 215651
215692 215698
215795 215799
215882 215889
215970 215977
216069 216078
216174 216180
216235 216239
216297 216299
216329 216331
216414 216417
216511 216514
216575 216582
216645 216648
216709 216717
216730 216735
216790 216792
216844 216848
216919 216924
217024 217028
217095 217097
217148 217154
217229 217232
217300 217302
217359 217368
217428 217435
217445 217454
217550 217555
217568 217576
217667 217671
217772 217774
217853 217855
217939 217945
217976 217983
218031 218035
218102 218106
218205 218213
218286 218292
218367 218371
218454 218458
218480 218488
218587 218591
218603 218607
218612 218613
218689 218694
218720 218727
218754 218759
218846 218850
218940 218943
219010 219017
219069 219077
219084 219086
219130 219138
219191 219195
219250 219252
219340 219345
219424 219436
219521 219526
219533 219539
219613 219623
219673 219675
219730 219734
219803 219808
219891 219897
219930 219939
220039 220046
220142 220145
220178 220180
220263 220266
220311 220316
220399 220401
220425 220429
220509 220513
220520 220524
220569 220573
220619 220624
220677 220682
220704 220708
220786 220790
220839 220842
220877 220879
220900 220903
220991 220996
221050 221055
221064 221067
221095 221098
221161 221165
221214 221217
221283 221289
221356 221362
221463 221467
221509 221513
221524 221529
221621 221623
221700 221705
221760 221763
221863 221872
221965 221969
222059 222061
222151 222155
222186 222191
222195 222202
222276 222278
222295 222301
222315 222319
222381 222387
222471 222476
222492 222497
222591 222594
222643 222646
222680 222682
222761 222767
222862 222864
222900 222903
222978 222981
222988 222994
223058 223061
223079 223080
223096 223101
223150 223156
223251 223254
223300 223306
223398 223405
223469 223475
223545 223547
223587 223592
223637 223640
223737 223745
223816 223818
223847 223853
223938 223945
223970 223971
223981 223986
224027 224027
224061 224064
224158 224160
224162 224167
224240 224243
224271 224274
224313 224322
224369 224378
224385 224391
224400 224403
224464 224470
224523 224529
224555 224558
224568 224572
224607 224612
224621 224625
224672 224681
224694 224698
224782 224789
224794 224803
224818 224820
224838 224845
224940 224944
224969 224971
225031 225034
225065 225070
225144 225152
225195 225202
225249 225256
225344 225348
225388 225394
225449 225451
225519 225524
225532 225536
225590 225595
225693 225702
225767 225774
225859 225865
225910 225913
225984 225993
226027 226031
226078 226082
226102 226105
226183 226185
226268 226273
226284 226291
226319 226325
226397 226401
226405 226411
226500 226507
226565 226571
226576 226579
226587 226589
226661 226664
226737 226745
226801 226810
226880 226884
226955 226963
227035 227038
227074 227082
227124 227126
227151 227153
227192 227197
227258 227267
227338 227340
227432 227436
227448 227455
227527 227530
227539 227541
227555 227560
227650 227657
227689 227695
227764 227771
227848 227850
227856 227857
227941 227946
228017 228021
228033 228040
228116 228120
228210 228216
228295 228301
228365 228370
228392 228399
228472 228481
228531 228541
228589 228593
228669 228672
228675 228680
228764 228767
228819 228830
228848 228857
228935 228939
229035 229038
229095 229102
229109 229115
229158 229163
229258 229260
229271 229278
229324 229326
229350 229355
229393 229398
229450 229452
229520 229528
229535 229538
229552 229556
229613 229617
229648 229651
229749 229754
229839 229845
229883 229890
229978 229982
230056 230064
230160 230163
230248 230256
230341 230347
230443 230448
230464 230466
230554 230557
230582 230590
230661 230668
230683 230688
230787 230794
230822 230828
230898 230903
230928 230930
230953 230956
230966 230972
231022 231024
231103 231105
231145 231147
231155 231158
231187 231192
231236 231240
231322 231325
231394 231402
231467 231468
231554 231557
231632 231638
231663 231665
231678 231684
231778 231783
231848 231853
231897 231906
231930 231931
231973 231978
232035 232038
232132 232138
232163 232169
232248 232251
232283 232285
232353 232357
232451 232456
232519 232521
232576 232581
232682 232685
232738 232742
232781 232786
232788 232790
232839 232846
232941 232944
233018 233020
233089 233092
233095 233100
233183 233185
233187 233196
233267 233275
233353 233358
233432 233438
233485 233489
233580 233584
233662 233666
233734 233738
233748 233759
233858 233861
233891 233893
233918 233921
233979 233982
234004 234009
234016 234020
234060 234064
234066 234073
234158 234164
234178 234186
234256 234263
234329 234330
234361 234366
234387 234390
234401 234406
234475 234480
234514 234516
234526 234529
234549 234553
234635 234645
234737 234742
234840 234848
234889 234891
234948 234957
235026 235030
235070 235074
235147 235151
235168 235173
235184 235187
235270 235273
235333 235335
235363 235371
235386 235388
235482 235490
235538 235539
235558 235563
235604 235608
235641 235645
235726 235734
235804 235813
235897 235903
235950 235953
236005 236007
236040 236046
236136 236139
236180 236183
236203 236209
236266 236276
236332 236334
236354 236362
236405 236410
236432 236439
236455 236458
236553 236558
236648 236651
236672 236681
236722 236728
236775 236781
236824 236825
236907 236914
236989 236992
237091 237097
237151 237155
237211 237219
237249 237253
237346 237348
237380 237387
237436 237438
237462 237467
237509 237511
237605 237610
237638 237641
237694 237703
237718 237719
237756 237761
237791 237799
237872 237880
237963 237970
238040 238043
238092 238100
238187 238195
238237 238238
238296 238301
238328 238335
238344 238350
238446 238450
238505 238511
238578 238584
238674 238683
238716 238722
238733 238739
238790 238795
238876 238881
238914 238921
238983 238990
239076 239081
239170 239173
239195 239204
239229 239231
239294 239299
239341 239346
239431 239436
239535 239539
239586 239592
239659 239661
239710 239717
239731 239735
239791 239800
239871 239876
239924 239932
239984 239988
240009 240014
240064 240075
240112 240115
240199 240205
240243 240245
240262 240268
240282 240288
240376 240380
240402 240407
240502 240505
240573 240581
240658 240660
240728 240734
240764 240771
240815 240820
240858 240860
240891 240897
240917 240925
241012 241015
241057 241059
241072 241075
241173 241176
241276 241283
241327 241336
241376 241379
241394 241403
241460 241463
241547 241553
241604 241611
241709 241714
241766 241773
241843 241846
241916 241918
242017 242022
242070 242072
242075 242080
242086 242095
242155 242157
242235 242239
242279 242284
242288 242292
242313 242319
242403 242409
242418 242427
242442 242447
242481 242487
242565 242576
242658 242663
242701 242705
242750 242754
242790 242798
242800 242803
242904 242907
242972 242975
242996 243000
243049 243058
243061 243064
243067 243076
243155 243160
243233 243236
243289 243296
243300 243308
243394 243397
243449 243456
243538 243543
243644 243651
243662 243670
243759 243766
243845 243846
243935 243940
243973 243980
244034 244038
244047 244055
244062 244070
244075 244082
244174 244179
244227 244230
244282 244286
244319 244325
244418 244419
244422 244425
244466 244470
244530 244532
244613 244618
244682 244686
244739 244748
244772 244775
244873 244880
244930 244936
244947 244950
244962 244964
245040 245041
245125 245130
245162 245167
245200 245203
245291 245294
245303 245309
245351 245357
245404 245411
245500 245504
245554 245559
245567 245576
245676 245682
245734 245741
245751 245756
245831 245840
245911 245917
245928 245933
245943 245948
246031 246034
246040 246045
246109 246111
246173 246177
246252 246256
246266 246272
246358 246368
246422 246427
246443 246446
246532 246535
246563 246567
246612 246621
246639 246648
246667 246670
246771 246780
246871 246874
246885 246889
246923 246926
246930 246934
247013 247018
247105 247108
247132 247140
247202 247205
247217 247220
247263 247268
247291 247296
247353 247355
247456 247464
247482 247486
247565 247568
247628 247633
247690 247694
247759 247762
247775 247777
247872 247876
247952 247955
248019 248024
248038 248041
248140 248146
248247 248255
248289 248293
248335 248338
248393 248399
248445 248451
248531 248535
248573 248575
248660 248665
248737 248743
248807 248813
248847 248853
248942 248952
248959 248969
249028 249031
249124 249127
249205 249208
249282 249289
249327 249334
249339 249343
249419 249422
249487 249489
