50 60
93 99
123 133
139 143
165 175
256 260
302 307
332 333
347 356
402 405
470 475
487 490
527 536
560 568
797 805
813 820
862 868
944 953
973 979
1071 1077
1099 1105
1111 1118
1186 1190
1335 1339
1375 1378
1392 1395
1403 1408
1424 1429
1486 1494
1595 1604
1628 1635
1658 1664
1728 1735
1743 1750
1788 1797
1832 1841
1903 1909
1953 1960
2013 2020
2049 2051
2073 2079
2100 2107
2181 2185
2196 2200
2211 2215
2298 2301
2329 2334
2357 2362
2377 2380
2410 2416
2464 2467
2536 2541
2568 2570
2619 2624
2659 2665
2718 2725
2753 2761
2772 2778
2804 2810
2870 2876
2918 2923
2984 2987
3019 3025
3036 3041
3098 3103
3219 3228
3246 3253
3312 3320
3353 3358
3397 3400
3412 3414
3438 3443
3476 3479
3482 3486
3530 3535
3544 3550
3612 3620
3672 3680
3694 3699
3771 3777
3791 3796
3812 3817
3859 3867
3894 3897
3907 3916
3971 3979
3995 3997
4036 4042
4092 4098
4122 4129
4148 4153
4182 4196
4280 4285
4324 4332
4370 4372
4428 4433
4446 4455
4491 4495
4519 4526
4583 4586
4611 4616
4690 4695
4748 4757
4898 4904
4971 4977
4995 5003
5112 5118
5202 5210
5268 5273
5300 5310
5312 5316
5381 5387
5415 5427
5435 5441
5464 5476
5500 5507
5544 5549
5552 5558
5625 5654
5706 5710
5748 5756
5977 5982
5996 6005
6128 6131
6158 6168
6190 6201
6223 6229
6289 6294
6322 6325
6337 6341
6368 6371
6435 6444
6458 6462
6486 6492
6534 6535
6557 6565
6646 6655
6764 6767
6819 6831
6975 6983
6996 7003
7034 7040
7149 7152
7200 7208
7241 7248
7273 7279
7340 7348
7353 7365
7441 7451
7484 7492
7545 7555
7566 7571
7664 7672
7692 7700
7725 7736
7805 7810
7876 7879
7931 7938
7954 7958
8019 8022
8073 8078
8121 8125
8171 8177
8239 8244
8303 8309
8351 8357
8439 8448
8492 8496
8526 8532
8555 8559
8600 8606
8651 8657
8678 8683
8702 8712
8778 8786
8795 8798
8807 8814
8866 8873
8912 8918
8982 8991
9016 9022
9044 9049
9129 9135
9171 9178
9197 9203
9243 9248
9315 9318
9352 9358
9373 9381
9398 9408
9428 9436
9472 9478
9525 9528
9560 9563
9582 9588
9706 9713
9735 9738
9765 9768
9780 9783
9844 9850
9887 9894
9942 9951
9971 9977
10068 10073
10083 10086
10125 10130
10172 10178
10209 10221
10235 10238
10292 10302
10369 10375
10551 10555
10591 10605
10636 10641
10654 10662
10716 10729
10757 10766
10835 10843
10893 10900
10998 11003
11008 11010
11081 11085
11094 11099
11149 11152
11154 11156
11204 11208
11214 11219
11259 11267
11301 11308
11320 11328
11344 11347
11448 11457
11470 11472
11571 11576
11616 11623
11658 11663
11677 11685
11868 11874
11934 11935
11957 11964
12012 12017
12054 12060
12090 12098
12116 12120
12126 12132
12157 12163
12232 12239
12304 12315
12332 12338
12374 12381
12433 12442
12473 12475
12523 12529
12550 12554
12572 12579
12645 12650
12740 12745
12772 12775
12825 12838
12854 12861
12879 12882
12905 12907
12951 12962
12992 12999
13042 13049
13069 13076
13095 13099
13187 13194
13248 13260
13277 13285
13421 13429
13456 13462
13505 13514
13552 13558
13585 13593
13603 13613
13682 13693
13714 13723
13783 13787
13803 13808
13820 13825
13841 13842
13898 13903
13962 13972
13987 13993
14014 14022
14033 14039
14178 14189
14199 14207
14235 14242
14301 14309
14316 14326
14375 14378
14535 14539
14570 14575
14628 14635
14652 14659
14677 14683
14875 14877
14890 14895
14922 14929
14954 14959
14978 14984
15021 15026
15038 15043
15081 15084
15137 15141
15157 15163
15202 15207
15226 15233
15431 15436
15472 15490
15513 15519
15604 15606
15638 15644
15914 15918
15985 15990
16009 16019
16094 16096
16116 16120
16234 16239
16306 16324
16393 16399
16482 16489
16543 16548
16566 16572
16580 16587
16595 16602
16655 16658
16835 16843
16868 16872
16899 16905
16938 16950
16959 16966
16984 16990
17058 17065
17104 17110
17237 17242
17300 17308
17319 17323
17347 17356
17438 17445
17481 17488
17492 17499
17566 17568
17676 17683
17763 17770
17790 17794
17797 17801
17805 17813
17868 17874
17925 17928
17945 17950
17979 17982
17997 18000
18012 18018
18043 18049
18085 18089
18106 18111
18137 18143
18201 18210
18261 18268
18285 18289
18308 18319
18383 18393
18403 18405
18458 18467
18521 18531
18692 18695
18724 18730
18765 18770
18807 18810
18890 18893
18913 18933
18988 18992
19001 19004
19038 19046
19087 19099
19129 19135
19181 19189
19197 19201
19220 19230
19247 19250
19278 19284
19426 19429
19457 19463
19479 19484
19506 19515
19543 19551
19572 19580
19627 19636
19663 19672
19687 19690
19726 19740
19748 19763
19818 19822
19868 19875
19901 19913
19924 19928
19965 19976
20110 20115
20194 20202
20267 20275
20282 20287
20344 20352
20373 20381
20433 20448
20514 20516
20555 20564
20588 20591
20649 20660
20693 20697
20708 20713
20718 20724
20746 20752
20769 20774
20798 20805
20835 20843
20876 20882
20925 20932
20962 20975
21127 21135
21140 21147
21152 21158
21217 21223
21343 21347
21411 21417
21638 21646
21690 21698
21848 21851
21872 21880
21906 21913
21967 21975
21999 22005
22031 22035
22070 22074
22099 22104
22143 22150
22220 22223
22238 22244
22277 22286
22304 22309
22355 22366
22398 22404
22421 22424
22462 22475
22507 22514
22545 22553
22594 22600
22638 22647
22670 22673
22757 22761
22783 22792
22826 22830
22848 22858
22905 22913
22930 22934
22954 22960
23049 23053
23085 23094
23122 23129
23150 23156
23237 23243
23266 23271
23286 23294
23317 23325
23354 23364
23440 23447
23534 23540
23594 23599
23689 23703
23722 23726
23747 23753
23763 23769
23802 23816
23841 23847
23979 23981
23988 23994
24048 24050
24194 24202
24209 24220
24293 24299
24303 24308
24351 24356
24438 24442
24458 24461
24499 24506
24527 24535
24579 24586
24650 24655
24665 24670
24678 24681
24710 24718
24794 24801
24831 24837
24894 24899
24907 24911
24950 24956
24978 24981
25004 25015
25045 25048
25083 25087
25122 25126
25146 25152
25217 25223
25234 25241
25271 25280
25297 25305
25325 25334
25372 25377
25398 25406
25455 25461
25477 25484
25491 25495
25505 25506
25544 25546
25580 25589
25636 25644
25654 25659
25713 25718
25817 25825
25884 25885
25988 25994
26013 26019
26044 26052
26073 26076
26116 26124
26235 26241
26254 26266
26351 26358
26561 26567
26603 26611
26646 26658
26684 26689
26861 26865
26906 26912
26919 26925
27040 27043
27080 27085
27093 27097
27169 27180
27192 27199
27246 27253
27273 27277
27364 27370
27437 27441
27499 27506
27554 27562
27665 27671
27703 27708
27726 27732
27796 27799
27823 27828
27858 27863
27881 27887
27914 27923
27966 27975
28013 28018
28031 28032
28068 28072
28122 28125
28163 28167
28177 28189
28222 28223
28252 28259
28305 28309
28372 28377
28435 28439
28449 28454
28535 28537
28564 28571
28598 28601
28696 28705
28751 28761
28819 28826
28849 28857
28872 28877
28898 28906
28962 28964
28974 28979
28984 28991
29019 29020
29051 29061
29075 29077
29106 29112
29142 29156
29184 29185
29226 29229
29319 29322
29326 29332
29348 29354
29372 29378
29414 29420
29432 29438
29472 29478
29564 29573
29706 29714
29845 29849
29863 29870
29930 29939
29979 29994
30008 30015
30050 30056
30254 30260
30277 30286
30308 30312
30342 30351
30423 30431
30455 30458
30503 30505
30516 30520
30589 30593
30612 30618
30646 30653
30672 30678
30700 30704
30741 30748
30785 30794
30842 30850
30892 30898
30920 30925
30943 30952
30973 30976
31004 31013
31060 31065
31092 31098
31116 31123
31185 31209
31239 31243
31269 31277
31297 31305
31358 31366
31383 31387
31421 31427
31443 31448
31483 31486
31511 31514
31537 31544
31571 31586
31623 31626
31629 31633
31672 31680
31692 31698
31819 31839
31863 31867
31904 31909
31995 31999
32047 32053
32081 32088
32126 32129
32178 32186
32262 32269
32349 32358
32380 32384
32422 32428
32472 32474
32510 32514
32524 32531
32553 32558
32655 32662
32672 32679
32774 32778
32811 32814
32820 32830
32856 32860
32886 32889
32959 32962
32986 33001
33047 33059
33071 33075
33123 33127
33277 33289
33304 33312
33365 33371
33401 33406
33438 33446
33487 33498
33518 33527
33552 33559
33725 33728
33827 33837
33854 33859
33880 33886
33922 33929
33941 33944
33989 33993
34150 34163
34245 34256
34297 34300
34367 34374
34401 34406
34436 34440
34460 34464
34473 34485
34524 34527
34536 34541
34569 34573
34644 34650
34669 34673
34689 34695
34727 34732
34751 34764
34931 34939
34956 34963
35003 35009
35022 35025
35076 35080
35113 35121
35144 35150
35205 35211
35236 35238
35267 35270
35297 35305
35408 35416
35508 35509
35531 35538
35590 35596
35677 35684
35714 35718
35798 35802
35820 35832
35860 35869
35900 35911
35918 35925
35957 35966
35976 35984
36013 36018
36066 36068
36105 36111
36128 36136
36167 36176
36187 36192
36215 36221
36293 36297
36333 36339
36394 36396
36500 36504
36514 36519
36543 36549
36604 36606
36608 36622
36664 36675
36709 36716
36735 36745
36850 36856
36912 36919
36943 36947
36961 36967
37002 37006
37038 37045
37091 37097
37134 37137
37272 37276
37352 37363
37390 37398
37437 37438
37454 37460
37479 37485
37517 37528
37532 37540
37569 37575
37611 37619
37638 37645
37696 37705
37764 37767
37845 37847
37881 37888
37894 37899
37952 37960
38050 38058
38087 38093
38203 38211
38236 38247
38255 38259
38319 38324
38349 38355
38376 38381
38475 38484
38532 38540
38564 38573
38595 38600
38651 38658
38684 38688
38711 38727
38748 38754
38774 38778
38792 38795
38834 38844
38870 38875
38894 38897
39006 39010
39217 39228
39283 39292
39318 39322
39364 39368
39398 39406
39422 39431
39503 39505
39525 39532
39619 39625
39633 39639
39755 39762
39793 39799
39824 39832
39853 39859
39876 39880
39948 39952
39974 39984
40102 40108
40208 40217
40242 40246
40268 40276
40297 40300
40435 40442
40557 40559
40581 40588
40635 40641
40667 40675
40751 40759
40971 40977
41033 41038
41058 41069
41096 41100
41137 41143
41174 41182
41229 41232
41298 41302
41356 41363
41374 41385
41433 41439
41530 41538
41564 41568
41593 41600
41642 41652
41711 41717
41730 41737
41781 41786
41839 41847
41857 41867
41915 41921
41985 41993
42033 42043
42063 42070
42112 42117
42154 42169
42229 42239
42367 42375
42408 42414
42438 42441
42471 42479
42489 42494
42514 42522
42543 42557
42582 42589
42653 42658
42673 42685
42695 42701
42754 42761
42815 42818
42884 42892
42974 42976
43003 43006
43031 43040
43052 43057
43084 43094
43119 43127
43212 43216
43232 43238
43353 43356
43363 43367
43419 43426
43489 43499
43512 43517
43538 43548
43627 43634
43683 43687
43715 43722
43749 43753
43832 43848
43870 43880
43902 43908
43925 43929
43996 44003
44048 44056
44140 44144
44198 44203
44264 44273
44318 44322
44381 44387
44451 44454
44479 44487
44497 44504
44531 44537
44598 44603
44738 44744
44874 44877
44884 44886
44931 44933
45035 45043
45074 45082
45225 45232
45257 45263
45278 45284
45362 45367
45428 45430
45460 45463
45495 45504
45530 45537
45557 45562
45587 45591
45616 45622
45650 45657
45675 45680
45744 45749
45800 45806
45817 45825
45848 45858
45934 45944
46003 46010
46028 46035
46127 46132
46163 46171
46194 46198
46215 46220
46232 46234
46275 46282
46340 46353
46426 46430
46457 46461
46485 46493
46502 46507
46591 46594
46638 46644
46665 46673
46695 46706
46720 46726
46742 46753
46780 46784
46790 46795
46807 46814
46844 46849
46882 46903
46957 46965
47022 47038
47092 47097
47114 47123
47178 47182
47192 47194
47198 47205
47221 47227
47286 47293
47317 47325
47358 47364
47375 47382
47419 47440
47479 47487
47499 47509
47539 47545
47584 47590
47737 47742
47758 47762
47774 47782
47793 47795
47802 47804
47962 47968
47986 47990
48017 48024
48037 48044
48162 48168
48196 48205
48266 48269
48284 48295
48335 48340
48378 48387
48410 48416
48468 48476
48484 48487
48530 48534
48546 48552
48590 48608
48633 48644
48667 48673
48737 48745
48832 48841
48858 48863
48881 48889
48954 48959
48982 48988
49238 49249
49265 49275
49310 49323
49418 49421
49472 49478
49553 49556
49568 49571
49602 49606
49626 49629
49652 49656
49743 49753
49781 49787
49806 49814
49892 49900
49949 49958
49988 49993
50018 50021
50055 50063
50090 50101
50124 50127
50182 50188
50207 50217
50235 50242
50283 50289
50312 50325
50351 50353
50440 50446
50470 50473
50505 50510
50592 50595
50713 50723
50746 50752
50794 50799
50827 50834
50888 50893
51003 51014
51098 51104
51227 51229
51233 51238
51247 51253
51271 51279
51290 51293
51314 51318
51349 51352
51373 51378
51439 51442
51453 51458
51497 51502
51521 51527
51557 51567
51604 51607
51640 51646
51677 51683
51691 51698
51825 51830
51837 51839
51849 51854
51916 51921
51982 51987
52030 52037
52110 52114
52219 52223
52293 52299
52368 52377
52398 52403
52419 52425
52477 52486
52505 52511
52516 52518
52534 52541
52571 52575
52634 52641
52661 52666
52668 52671
52689 52696
52718 52722
52790 52795
52838 52847
52865 52877
52991 52996
53027 53039
53049 53056
53084 53090
53121 53125
53141 53146
53216 53221
53226 53231
53289 53295
53330 53335
53350 53362
53401 53403
53416 53423
53434 53440
53465 53470
53495 53501
53533 53537
53606 53610
53626 53628
53643 53651
53742 53745
53772 53779
53800 53807
53834 53840
53852 53856
53885 53889
53928 53935
53962 53969
53984 53993
54077 54085
54123 54132
54184 54190
54196 54204
54220 54235
54276 54278
54348 54353
54400 54405
54425 54431
54465 54470
54525 54533
54552 54558
54572 54581
54613 54621
54661 54666
54674 54678
54740 54746
54763 54766
54782 54790
54828 54833
54841 54849
55010 55014
55026 55032
55058 55064
55085 55093
55112 55124
55145 55155
55298 55299
55392 55393
55412 55419
55452 55456
55504 55509
55542 55549
55577 55582
55658 55661
55703 55710
55721 55735
55743 55748
55752 55755
55812 55822
55988 55997
56018 56026
56112 56115
56179 56187
56202 56209
56227 56236
56258 56267
56316 56322
56390 56396
56412 56416
56448 56457
56483 56489
56498 56502
56585 56592
56685 56689
56717 56728
56780 56786
56798 56803
56832 56839
56854 56864
56917 56925
57006 57017
57041 57050
57075 57080
57094 57101
57131 57134
57156 57163
57197 57207
57233 57236
57260 57266
57287 57292
57333 57344
57405 57406
57444 57448
57452 57463
57465 57470
57517 57523
57593 57596
57641 57645
57686 57689
57830 57839
57844 57852
57885 57890
57908 57917
57953 57958
58093 58101
58188 58197
58331 58338
58352 58354
58431 58437
58452 58463
58487 58490
58602 58610
58655 58661
58754 58761
58782 58789
58863 58866
58902 58910
58931 58938
58957 58962
58993 59001
59034 59040
59094 59099
59173 59179
59230 59238
59288 59293
59304 59319
59376 59380
59450 59452
59473 59481
59575 59579
59583 59596
59642 59649
59767 59770
59830 59833
59920 59929
59955 59965
59990 59993
60010 60018
60075 60081
60127 60133
60185 60189
60212 60214
60252 60258
60268 60278
60364 60372
60491 60500
60530 60533
60663 60670
60704 60710
60746 60747
60791 60799
60834 60839
60880 60893
60949 60953
60980 60983
60999 61002
61070 61089
61147 61156
61210 61217
61263 61269
61306 61309
61344 61348
61357 61363
61427 61431
61608 61613
61638 61646
61659 61668
61712 61718
61750 61756
61778 61787
61808 61817
61839 61848
61945 61949
61958 61965
62033 62037
62105 62108
62199 62205
62350 62357
62366 62368
62421 62426
62442 62448
62482 62487
62615 62621
62648 62651
62681 62684
62711 62713
62754 62767
62857 62863
62884 62889
62923 62930
62981 62983
63023 63028
63145 63160
63164 63169
63192 63200
63258 63264
63276 63293
63377 63384
63468 63473
63505 63508
63515 63525
63561 63566
63724 63732
63802 63806
63819 63824
63845 63848
63942 63948
63970 63976
63981 63988
64004 64007
64016 64019
64024 64032
64101 64109
64133 64136
