264 266
281 293
375 379
444 452
556 577
824 834
876 885
1060 1068
1245 1248
1343 1353
1388 1393
1554 1559
1569 1573
1666 1670
1678 1685
1785 1794
1931 1938
1988 2000
2043 2048
2148 2155
2370 2377
2519 2527
2612 2618
2716 2722
2810 2814
3166 3176
3251 3258
3332 3341
3451 3457
3516 3527
3563 3569
3584 3588
3678 3682
3706 3715
3744 3757
3850 3858
3914 3924
4154 4165
4190 4196
4474 4478
4670 4674
4922 4924
5036 5040
5045 5049
5056 5062
5232 5235
5324 5334
5409 5416
5740 5748
5880 5889
6081 6087
6187 6199
6355 6360
6506 6514
6590 6600
6640 6647
6832 6838
7310 7324
7409 7411
7439 7445
7480 7487
7671 7677
7795 7803
7851 7857
7860 7864
7936 7945
8011 8015
8046 8046
8254 8260
8312 8320
8451 8462
8492 8497
8678 8684
8937 8945
8997 9002
9116 9125
9203 9209
9301 9309
9352 9360
9496 9498
9630 9643
9678 9696
9724 9735
9853 9860
10125 10131
10177 10185
10198 10206
10306 10312
10428 10436
10527 10533
10827 10832
10849 10852
11171 11179
11267 11272
11524 11531
11537 11552
11669 11676
11916 11927
12075 12081
12261 12266
12318 12325
12466 12472
12607 12612
12735 12742
12825 12830
12951 12958
12970 12977
13030 13044
13162 13167
13217 13230
13311 13328
13333 13341
13539 13545
13553 13559
13749 13751
13774 13780
13827 13833
13910 13924
14169 14176
14204 14210
14227 14242
14423 14435
14485 14488
14527 14540
14622 14629
14857 14866
14954 14960
15091 15097
15179 15183
15202 15209
15309 15312
15351 15356
15561 15564
15810 15818
15951 15957
16073 16078
16176 16181
16343 16348
16393 16404
16513 16515
17137 17143
17412 17422
17553 17560
17571 17593
17703 17710
17775 17781
17842 17847
18023 18034
18174 18176
18269 18273
18338 18353
18500 18510
18548 18554
18625 18633
18703 18709
18763 18766
18817 18823
18883 18888
19198 19210
19315 19321
19410 19412
19418 19431
19534 19544
19599 19604
19854 19861
19885 19888
19986 19994
20125 20141
20171 20180
20229 20239
20494 20503
20522 20528
20751 20764
20961 20966
21113 21124
21441 21447
21544 21553
21740 21747
21898 21907
22073 22083
22109 22115
22134 22139
22215 22224
22294 22305
22332 22348
22374 22382
22535 22540
22578 22585
22693 22699
22779 22789
22883 22889
23037 23043
23168 23176
23191 23198
23454 23464
23493 23500
23548 23553
23645 23655
23722 23730
23854 23867
23900 23905
23934 23942
24037 24040
24090 24099
24137 24152
24206 24212
24262 24265
24271 24276
24309 24318
24394 24398
24437 24451
24554 24559
24575 24581
24718 24724
25219 25229
25428 25434
25671 25678
25703 25709
25844 25847
25862 25869
26015 26021
26041 26045
26108 26115
26202 26213
26235 26244
26327 26332
26495 26499
26582 26590
26740 26749
26803 26806
26902 26909
27044 27050
27224 27231
27287 27295
27564 27569
27589 27595
27650 27656
27665 27671
27683 27693
27769 27782
28021 28027
28186 28192
28310 28320
28332 28336
28358 28365
28377 28382
28596 28601
28667 28672
28691 28694
28813 28816
28943 28948
29032 29038
29146 29153
29244 29248
29380 29391
29441 29450
29460 29466
29811 29817
29861 29870
29946 29950
30050 30056
30236 30245
30268 30274
30352 30361
30627 30632
30784 30792
30835 30842
31063 31068
31220 31230
31359 31367
31535 31538
31729 31734
31829 31834
31946 31952
32209 32215
32361 32366
32563 32570
32700 32710
32722 32736
32740 32744
32891 32898
32956 32968
33315 33323
33412 33419
33438 33454
33509 33514
33582 33588
33598 33610
33647 33652
33903 33906
34005 34010
34177 34185
34227 34234
34317 34328
34369 34373
34403 34409
34468 34474
34584 34589
34794 34805
34987 34994
35111 35119
35370 35376
35421 35426
35435 35451
35567 35572
35744 35749
35967 35974
36129 36134
36150 36153
36219 36222
36358 36367
36391 36399
36539 36546
36599 36606
36709 36715
36841 36848
36893 36906
37016 37027
37047 37057
37167 37172
37353 37356
37436 37439
37445 37448
37457 37461
37584 37591
37693 37693
37763 37773
38023 38031
38235 38240
38330 38338
38385 38389
38514 38520
38547 38549
38573 38581
38723 38732
38738 38747
38749 38752
38785 38791
38809 38820
38930 38940
39266 39271
39364 39374
39543 39549
39600 39603
39638 39643
39737 39739
39767 39774
39944 39951
39982 39987
40259 40264
40337 40340
40473 40482
40591 40600
40764 40768
40919 40923
40939 40942
41044 41048
41142 41151
41224 41232
41258 41262
41325 41336
41556 41563
41680 41682
41756 41760
41874 41881
41959 41968
42035 42040
42077 42088
42182 42189
42249 42257
42301 42310
42404 42408
42505 42508
42547 42552
42697 42704
42778 42785
42845 42852
42944 42954
43041 43045
43067 43074
43179 43188
43214 43218
43348 43361
43390 43396
43406 43412
43452 43455
43466 43473
43552 43558
43848 43862
44034 44041
44141 44154
44290 44297
44325 44332
44529 44538
44615 44623
44714 44721
44772 44778
44976 44981
45227 45236
45351 45358
45647 45656
45740 45743
45761 45770
45911 45923
45937 45948
45958 45972
46059 46064
46077 46085
46089 46101
46176 46187
46280 46291
46534 46552
46833 46845
46856 46869
46984 46993
47008 47011
47032 47038
47517 47527
47603 47611
47657 47668
48006 48011
48244 48245
48493 48497
48721 48730
48801 48808
48932 48943
49017 49027
49172 49177
49302 49310
49333 49337
49443 49449
49656 49663
49748 49757
49969 49981
50015 50026
50176 50183
50347 50353
50385 50388
50596 50602
50670 50686
50735 50746
50842 50847
50977 50984
51040 51050
51141 51146
51203 51208
51452 51455
51627 51634
51694 51697
51719 51727
51794 51805
51814 51816
51995 51999
52005 52008
52065 52076
52156 52165
52245 52253
52303 52308
52369 52379
52422 52425
52486 52491
52562 52568
52655 52660
52855 52860
52953 52963
53061 53068
53326 53333
53490 53499
53578 53589
53651 53658
53793 53801
53812 53815
53834 53840
53901 53904
53995 54001
54016 54024
54092 54103
54150 54156
54230 54237
54283 54290
54386 54393
54705 54714
54842 54854
54908 54910
55047 55052
55216 55222
55523 55527
55592 55605
56140 56147
56151 56159
56220 56224
56288 56294
56348 56358
56483 56494
56711 56722
56843 56850
56863 56868
56956 56965
57066 57074
57139 57144
57291 57295
57404 57411
57447 57455
57624 57631
57740 57744
57891 57897
58116 58119
58280 58285
58344 58350
58424 58428
58506 58515
58534 58538
58752 58763
59130 59139
59195 59204
59246 59248
59329 59339
59410 59425
59442 59444
59491 59501
59651 59656
59665 59675
59690 59701
59802 59810
59864 59867
60090 60096
60214 60219
60287 60294
60417 60423
60481 60488
60519 60530
60681 60684
60749 60753
60824 60833
61013 61018
61222 61225
61268 61270
61324 61328
61710 61714
61846 61857
61929 61939
62172 62176
62398 62403
62431 62441
62486 62493
62801 62817
62968 62978
63224 63231
63361 63372
63468 63474
63558 63569
63596 63602
63641 63650
63740 63747
63979 63985
64149 64154
64408 64413
64673 64676
64715 64720
64766 64771
64883 64891
64990 64995
65145 65152
65251 65256
65337 65344
65395 65402
65419 65421
65503 65510
65749 65763
