264 268
285 293
375 379
443 452
556 574
733 737
824 834
876 885
997 1002
1060 1069
1245 1249
1343 1353
1554 1559
1569 1574
1785 1791
1931 1938
2043 2048
2148 2158
2373 2377
2428 2436
2612 2617
2716 2723
2830 2836
3166 3176
3251 3258
3332 3341
3451 3459
3516 3528
3565 3569
3584 3588
3678 3683
3706 3715
3744 3752
3850 3857
3914 3924
4085 4091
4154 4164
4190 4196
4670 4675
4922 4924
4964 4973
5036 5040
5045 5049
5056 5063
5134 5139
5232 5235
5324 5334
5409 5416
5740 5748
5880 5888
6081 6087
6187 6198
6355 6361
6506 6516
6591 6600
6832 6839
7043 7048
7295 7301
7310 7323
7439 7444
7480 7487
7671 7677
7795 7803
7860 7865
7936 7945
8011 8015
8254 8259
8312 8320
8359 8364
8454 8463
8492 8497
8677 8684
8937 8944
8997 9002
9116 9123
9203 9210
9351 9360
9385 9392
9496 9498
9596 9599
9636 9643
9678 9697
9724 9734
9853 9860
10125 10131
10176 10185
10198 10204
10306 10312
10428 10436
10527 10533
10827 10831
10917 10920
11171 11178
11267 11275
11404 11410
11524 11532
11537 11551
11880 11884
11916 11928
11970 11972
12075 12082
12261 12267
12466 12472
12607 12612
12735 12741
12798 12804
12825 12831
12951 12958
13029 13045
13162 13167
13217 13230
13261 13263
13311 13325
13333 13342
13539 13545
13553 13559
13583 13587
13774 13780
13827 13832
14169 14176
14227 14242
14423 14435
14485 14490
14622 14629
14807 14813
14860 14866
14954 14960
15002 15007
15091 15097
15179 15184
15351 15356
15690 15694
15810 15818
15950 15958
15986 15995
16176 16181
16343 16348
16393 16404
16513 16515
16580 16585
17262 17265
17411 17422
17681 17686
17703 17710
17842 17847
17942 17947
18022 18034
18172 18176
18338 18353
18548 18556
18625 18632
18703 18710
18817 18823
18962 18966
19200 19209
19410 19412
19418 19427
19534 19544
19571 19576
19599 19603
19854 19861
19885 19889
19986 19994
20135 20141
20171 20180
20229 20238
20494 20503
20751 20764
20885 20892
21003 21008
21441 21448
21543 21553
21740 21747
21898 21907
22109 22115
22134 22149
22215 22224
22294 22306
22339 22348
22374 22382
22535 22540
22578 22585
22601 22611
22779 22788
23037 23043
23168 23176
23191 23198
23287 23291
23454 23463
23493 23500
23548 23553
23628 23631
23645 23655
23722 23731
23900 23904
23934 23942
24037 24040
24095 24101
24137 24152
24262 24264
24309 24318
24394 24399
24439 24451
24554 24559
24575 24581
24718 24724
25219 25229
25334 25340
25428 25433
25671 25677
25703 25709
25862 25867
25879 25887
26015 26020
26041 26044
26108 26115
26181 26189
26202 26213
26235 26243
26287 26292
26495 26500
26583 26590
26740 26750
26803 26806
26902 26909
27044 27050
27224 27229
27289 27295
27564 27570
27589 27596
27650 27659
27665 27673
27683 27692
27992 27997
28021 28028
28186 28192
28325 28335
28377 28384
28596 28601
28667 28671
28691 28694
28813 28814
29032 29038
29112 29118
29146 29153
29244 29250
29380 29388
29441 29448
29460 29466
29811 29816
29861 29872
29946 29950
30050 30056
30236 30245
30352 30360
30627 30632
30787 30793
30835 30842
31062 31068
31220 31230
31359 31367
31700 31705
31729 31740
31829 31835
31946 31950
32209 32215
32361 32367
32563 32569
32699 32711
32722 32736
32740 32744
32891 32898
33188 33194
33315 33322
33408 33419
33438 33441
33447 33455
33509 33514
33582 33591
33646 33652
34005 34010
34177 34185
34227 34234
34369 34373
34403 34411
34468 34474
34559 34567
34584 34589
34987 34994
35072 35079
35111 35117
35370 35376
35421 35425
35435 35451
35744 35749
36150 36152
36358 36370
36391 36400
36525 36532
36709 36715
36841 36847
36893 36908
37016 37020
37047 37058
37167 37172
37436 37439
37445 37448
37457 37462
37538 37546
37584 37591
37763 37772
38023 38031
38330 38338
38511 38520
38547 38550
38573 38582
38723 38732
38735 38747
38785 38790
38809 38818
38930 38940
39013 39015
39364 39374
39543 39549
39600 39602
39638 39643
39767 39775
39865 39872
39906 39913
39982 39987
40259 40263
40337 40340
40591 40600
40939 40942
41012 41019
41142 41152
41224 41232
41325 41335
41487 41490
41828 41833
41874 41880
42077 42083
42173 42179
42182 42190
42244 42256
42404 42407
42505 42508
42536 42541
42697 42702
42845 42851
42944 42953
43041 43045
43139 43150
43179 43187
43348 43361
43390 43396
43406 43413
43452 43455
43466 43472
43552 43557
43843 43853
43993 44002
44034 44041
44145 44154
44251 44259
44290 44296
44325 44331
44529 44538
44571 44579
44616 44623
44716 44721
44772 44778
44976 44983
45227 45236
45718 45724
45740 45742
45761 45770
45963 45972
46059 46064
46077 46083
46089 46100
46176 46187
46258 46263
46280 46291
46534 46551
46615 46620
46833 46845
46984 46992
47008 47011
47032 47038
47309 47315
47517 47527
47657 47668
48003 48011
48493 48497
48721 48730
48801 48807
48929 48941
49017 49028
49172 49177
49302 49310
49333 49337
49443 49451
49656 49661
49971 49978
50176 50183
50347 50352
50385 50388
50520 50523
50596 50602
50735 50746
50842 50847
50977 50983
51141 51146
51627 51632
51691 51697
51718 51727
51798 51805
51814 51816
51995 52000
52005 52008
52065 52076
52156 52165
52245 52254
52303 52310
52422 52425
52486 52491
52557 52568
52655 52660
52735 52743
52771 52776
52855 52861
52952 52962
53061 53067
53146 53149
53492 53499
53577 53589
53651 53657
53795 53801
53812 53815
53901 53903
54016 54024
54095 54107
54386 54393
54705 54712
54842 54854
55001 55005
55047 55053
55216 55222
55592 55604
56151 56158
56220 56231
56288 56294
56348 56360
56483 56490
56636 56642
56666 56670
56711 56721
56843 56852
56956 56967
57066 57072
57136 57144
57404 57411
57446 57456
57624 57630
57740 57744
57891 57897
58116 58119
58280 58284
58424 58428
58503 58515
58534 58540
58752 58759
58872 58876
59049 59054
59195 59204
59235 59240
59329 59338
59358 59365
59391 59396
59442 59444
59491 59501
59582 59587
59651 59656
59665 59675
59690 59701
59802 59807
59855 59866
60089 60096
60214 60219
60417 60423
60481 60488
60680 60684
60716 60724
60749 60753
60824 60832
61222 61227
61846 61858
61929 61939
62120 62125
62172 62176
62398 62403
62431 62441
62486 62493
62803 62818
62967 62977
63224 63229
63282 63287
63361 63369
63468 63473
63558 63571
63641 63649
63740 63748
63870 63878
63979 63985
64149 64154
64408 64413
64715 64722
64768 64771
64883 64891
65145 65150
65251 65256
65334 65342
65395 65402
65419 65422
65749 65762
